FBCCA:
0.4776350762276563
0.3580341480178762
0.31354583267850294
0.2972341260063411
0.34285667419273363
0.3179335946353193
0.3167424619242843
0.26784566338985866
0.36305428945364504
real result:
0
FBCCA:
0.33570219040854876
0.3598984143087658
0.47206955065563305
0.20977849458956005
0.2762838376136847
0.3333294009036777
0.36818970626751807
0.36599555424626745
0.35802991347818325
real result:
0
FBCCA:
0.32721106521567256
0.4829548117364365
0.37478021549755147
0.20874324034587058
0.19167224313979048
0.36908117977073446
0.5245943377710782
0.27986789158243697
0.31911522635354894
real result:
0
FBCCA:
0.25829556182957125
0.38079093188751506
0.3009522107241007
0.2524061337454045
0.3320885970552104
0.36728543670286506
0.5117740946612268
0.37141792488596737
0.35333812473669035
real result:
0
FBCCA:
0.2691841387767607
0.29586007071853
0.33315526691234554
0.24243965381618088
0.30363434532038425
0.34681099534478904
0.49469014977276216
0.3976329906283844
0.28510551935645523
real result:
15
FBCCA:
0.343472799050946
0.22130889519286345
0.43003477123544426
0.3321711220654233
0.2861886781213847
0.4220629714925994
0.43923116045426364
0.3894176660239782
0.31354187500068614
real result:
15
FBCCA:
0.34815390998246887
0.3103277928383569
0.32327356300654697
0.306135298974511
0.31500269804281966
0.4299179783526054
0.41054992983855926
0.39626041605380524
0.3828406359086022
real result:
15
FBCCA:
0.4223737798041357
0.337069214988341
0.5027977844254851
0.3831991350899484
0.34743846928124655
0.32662118343563956
0.4753418218670853
0.4163099462973615
0.4630165272852316
real result:
0
FBCCA:
0.5470837778805788
0.47610322692289253
0.6181450455010511
0.4363454690901084
0.31999339111332104
0.38417631423203413
0.48300092103520564
0.48650304657331017
0.6530022512882233
real result:
0
FBCCA:
0.5545925510100115
0.4882269837675089
0.6249827816822581
0.5414314620615412
0.3837624687987051
0.43347295611728154
0.4350901858981671
0.5879413599986072
0.7845252467074532
real result:
0
FBCCA:
0.5406411437232218
0.4655847324871371
0.6372182031230527
0.4387263077024125
0.47550156929169396
0.46767156250838765
0.39269553741866176
0.4735313235585769
1.177825218125457
real result:
17
FBCCA:
0.5074610017107019
0.5599691538780139
0.5068291821899407
0.29880300929409875
0.45924059194791583
0.4663159155385733
0.3997192911287609
0.46745893225497454
1.2727094378305095
real result:
17
FBCCA:
0.44127113659672407
0.4434846239267408
0.5780086350233884
0.3150866545420835
0.487873958655629
0.5566078982229069
0.5732135095567812
0.6317543507349216
1.296078772447859
real result:
17
FBCCA:
0.3493492095851117
0.6351965311278127
0.3694046655193576
0.4544787548764334
0.484933057838292
0.545885210017226
0.6811277892049039
0.48463622701893866
1.3853461013078765
real result:
17
FBCCA:
0.31948860770694915
0.6680614166985385
0.41332080583866443
0.3861981315666165
0.5849684222299777
0.619221754635883
0.5998243352980464
0.4038909461798702
1.3599412966156013
real result:
17
FBCCA:
0.3005374747267989
0.5502023224853242
0.44167366259927326
0.3683715976624053
0.4965749799361273
0.6885578724206264
0.47291881477723563
0.4583970517717355
1.1927556844277
real result:
17
FBCCA:
0.3942807381264861
0.490431935557671
0.47974548495075015
0.40808770229142244
0.4145879584552516
0.712873225747701
0.5803495589851347
0.37549363653191287
1.2211728593822029
real result:
17
FBCCA:
0.4244539527458349
0.5366826114320981
0.6885717610544109
0.5023256171791995
0.41017589491104856
0.6014451550392503
0.7114118963952005
0.378043017609464
1.1797162595888064
real result:
17
FBCCA:
0.45362263381567747
0.42820737233967765
0.7356726418473409
0.4089636487589633
0.4250704127285617
0.41166178164596695
0.6436465150558216
0.32221704149469316
1.0105331721586333
real result:
17
FBCCA:
0.44215552708437356
0.40786937584707555
0.6452447430422935
0.35386959898034637
0.49701021509404647
0.4226620788491639
0.42352469580158736
0.4965991869661851
0.8237386399683555
real result:
17
FBCCA:
0.438847444120537
0.4538942936941809
0.5654211241930871
0.39006867022439856
0.4201334507626668
0.5066111018256348
0.598902053508178
0.4899342546003781
0.663123535596291
real result:
17
FBCCA:
0.37660500079023695
0.5021571360808471
0.46453954676399417
0.3361011281155668
0.37133728061522503
0.4448983673787854
0.6087600195766801
0.43306701257366875
0.5184772177240872
real result:
17
FBCCA:
0.34985006538039687
0.4597587875827193
0.4486422887671034
0.2974805678150403
0.29040018051571553
0.3665260185003783
0.41855407270729184
0.412825521806477
0.46942968265661505
real result:
17
FBCCA:
0.27350466484454544
0.35105629295819485
0.2514507436130653
0.31214577676500466
0.21287185696800823
0.3050504099696475
0.583271638728055
0.40026617664465225
0.31569085690380866
real result:
0
FBCCA:
0.22835363507900636
0.3992505408437659
0.28234969556243417
0.23217210476373495
0.3092149523869693
0.3912549520211065
0.5058297391627771
0.39917094828512073
0.3740999763911039
real result:
15
FBCCA:
0.32581984110695944
0.43972887199280797
0.38259333092597897
0.31072991485527396
0.33598461677174335
0.35930082416737624
0.39586433610422456
0.229131707448495
0.4146999539503805
real result:
0
FBCCA:
0.38420436465006924
0.4594727056301383
0.3561113357836487
0.3591097086061663
0.38001770559591075
0.37478818001892594
0.5162938133641626
0.2301952295935343
0.398990340374314
real result:
15
FBCCA:
0.3649062381833373
0.419364270987845
0.3028246708593284
0.35165224316214466
0.37327711384244283
0.43032240540639427
0.3120013994254842
0.32724164576069664
0.4349639358414756
real result:
0
FBCCA:
0.2396738229082352
0.4451782169146037
0.3065053061425622
0.23761267702377994
0.3750452781007246
0.33860975848043634
0.3417974317203611
0.38106078729355936
0.42676075031837996
real result:
0
FBCCA:
0.21668668444500655
0.3952780050909708
0.3626862892577272
0.22300007762363389
0.316701940077595
0.3361763216540716
0.4196577825688793
0.4219494559463626
0.3089492142271999
real result:
0
FBCCA:
0.3168403103358836
0.37667804411773154
0.4540533031789143
0.254046362089037
0.29845591132447813
0.4242015036990507
0.42821414423129966
0.4276477600284855
0.3176528679586025
real result:
0
FBCCA:
0.4036148270158383
0.518139335026297
0.5378374025853752
0.45756485962930243
0.2968523292472821
0.38955784131206994
0.5169888308740954
0.4059478406813636
0.2577718659918472
real result:
0
FBCCA:
0.4136502489902648
0.7237644243476099
0.63038416393179
0.7907042645948995
0.3844087388285529
0.4083394793509955
0.6376462075123672
0.3384785508169381
0.4177514900904365
real result:
0
FBCCA:
0.5018177584797776
0.7782744281105859
0.5249235836965437
1.1500381406066846
0.31927321236564854
0.35640530295772194
0.7117492052091275
0.3785730739420763
0.2883555950228274
real result:
0
FBCCA:
0.4267188098821468
0.729741598114273
0.4200451482561464
1.4805252414581773
0.2973963205466556
0.4463300910303729
0.7555472113491946
0.42528219111410315
0.30601385969376865
real result:
12
FBCCA:
0.6056006567812207
0.5330769633095798
0.3203666784710104
1.449785915992663
0.3473744804394024
0.43581406867044004
0.6459482405034059
0.37879531257854476
0.4937030145881249
real result:
12
FBCCA:
0.6872028735851009
0.4422242183297018
0.43104486450955115
1.4298801037533129
0.3750576982852707
0.36327802526569025
0.6591242851994521
0.30110958452860886
0.41437371928130307
real result:
12
FBCCA:
0.6367070831508249
0.43747174538664807
0.4446754267569806
1.2958075997182932
0.5497567041982984
0.6351330248689233
0.5997559643821533
0.45526142106048906
0.38607703247510977
real result:
12
FBCCA:
0.6827292384922875
0.6046975818360779
0.5454057607075395
1.0832870380086757
0.37473567721860274
0.6372175103039047
0.6069511790556738
0.3295577169005386
0.5793202346541539
real result:
12
FBCCA:
0.573774187160738
0.6266026931354929
0.3913967272057364
1.205048650435858
0.4125830013944811
0.5718615493123929
0.5428200882065657
0.2867101529333369
0.6073256229913558
real result:
12
FBCCA:
0.501174997336907
0.422920460849623
0.35875062293811444
1.3276401919086536
0.3748699063898747
0.8544179269539107
0.4187222212586921
0.4109809870198856
0.5762879922542666
real result:
12
FBCCA:
0.5673698976390585
0.47373041725111203
0.3764830838433501
1.5650974455177602
0.4031260788515502
0.610970053669904
0.5477053551058533
0.4508807442228062
0.4273441993406434
real result:
12
FBCCA:
0.49138973437928757
0.5280085405501507
0.44212282430801625
1.6996509663978563
0.3626154509641881
0.46177381022092806
0.5651206340198649
0.3891095312211
0.4684571152000081
real result:
12
FBCCA:
0.404598765740278
0.4828430377897366
0.4415107780991194
1.2207379494797606
0.41207918986828046
0.420619097159418
0.6064560158597078
0.4148720089163946
0.6059741169642943
real result:
12
FBCCA:
0.4304893565094267
0.5707655072004213
0.5489678126812066
0.7800322827979693
0.34603494116400474
0.4156509491064473
0.643165214269635
0.4368667644193269
0.38520033786707014
real result:
12
FBCCA:
0.3081758678380496
0.4228436597818258
0.39536987845465366
0.3609216581412785
0.40375510514373447
0.38659696161947404
0.4400473123412094
0.31764103800288246
0.2910266774227498
real result:
12
FBCCA:
0.3948353924262866
0.242800777307222
0.32214750592581676
0.37517772399516314
0.4808272698771537
0.4399283844368095
0.37105782123766884
0.35055585780371556
0.33792139551420824
real result:
0
FBCCA:
0.31703437464777734
0.2748469560922871
0.43149421208252603
0.3099365517649137
0.35729668645740575
0.4257498830127505
0.415136372206154
0.39419142490091386
0.3428307882719166
real result:
0
FBCCA:
0.32705684390825046
0.3814986513835241
0.38000958184858985
0.23255610894412101
0.32353120966297705
0.3890355966143897
0.3679121446447766
0.35418943782061174
0.3128731471930409
real result:
0
FBCCA:
0.38671541625940986
0.4641668929472136
0.457528198477439
0.2236181282690873
0.24570777068035432
0.27130808368080783
0.4906310272076233
0.4079849571207175
0.3261322171844693
real result:
0
FBCCA:
0.3160407226739866
0.3442708858052387
0.4078402392805913
0.26225518892097344
0.198632310157901
0.24186490090421572
0.4032504714494609
0.3268416681151725
0.4380185795057204
real result:
0
FBCCA:
0.3005070345070416
0.3598064738025019
0.34266172127685246
0.23543601432128666
0.30772499368951467
0.22064132650661186
0.32250936470529273
0.40526893101429146
0.37423883322862134
real result:
0
FBCCA:
0.28973824402701487
0.31434252830891185
0.3260566356014193
0.28272354564711055
0.4108185997002396
0.24464913132779778
0.30562237013883736
0.45420423981958613
0.23697869269138436
real result:
0
FBCCA:
0.40084813314840406
0.361339030955066
0.46877149158461867
0.31474908324691564
0.4825607718736174
0.37851888893777264
0.35385211327651506
0.4441610884039927
0.33920763114011104
real result:
0
FBCCA:
0.44878544813939186
0.42637841152349404
0.5846471373406791
0.35401567242017434
0.5208696046776595
0.4051869167709594
0.3634205399678283
0.402782302348189
0.25470130544126285
real result:
0
FBCCA:
0.44042236935779955
0.39212996900156855
0.8411000453517662
0.3083430677898807
0.3424299959511006
0.5307820078914588
0.3773332143513733
0.4773913879544507
0.31909676393786657
real result:
0
FBCCA:
0.46065907590533944
0.43124263097097165
1.182661088598198
0.24986873795546574
0.41737594481446905
0.48269663183098616
0.40939710954052044
0.4263462575801436
0.18327866838374526
real result:
11
FBCCA:
0.44276375696971193
0.44845105404079116
1.6443400124569891
0.4217054419034317
0.36728842586231175
0.48346109173395535
0.4399243237948102
0.5579794243579163
0.41309589908376526
real result:
11
FBCCA:
0.3826489620833466
0.6090344513467378
1.778517676709458
0.34254636866219684
0.4356930498710211
0.48203689056851984
0.7443946589458316
0.46603802246382114
0.3419240206358379
real result:
11
FBCCA:
0.4050338335973548
0.4960075929219714
1.7745716162424474
0.47407649589238754
0.3903728069453689
0.5568299614576547
0.7066567003405548
0.44009171762646404
0.32988866942628553
real result:
11
FBCCA:
0.4386020899445162
0.43443780444189384
1.8109788185335673
0.5366652207445509
0.4032729369250637
0.424703597803392
0.46946377310685417
0.5218949935314703
0.29980324282725396
real result:
11
FBCCA:
0.5098128517032875
0.5640454023918288
1.7026678268978097
0.4792763661372348
0.45768523986735254
0.51322618725619
0.5692538410259195
0.5055836114022114
0.32746877758280024
real result:
11
FBCCA:
0.6439191072924187
0.45825628501740406
1.7051510899907896
0.45449825496279317
0.42487447267122846
0.3969864704518966
0.43103024936615425
0.32381667823824045
0.32368921248163485
real result:
11
FBCCA:
0.5703575684858486
0.5493725719245702
1.501742650113385
0.39574702550013924
0.32983910767496377
0.46769007334584767
0.42360599980455044
0.45590539852694395
0.38333002160333085
real result:
11
FBCCA:
0.45724354517571475
0.515693970829719
1.4055368197309863
0.39006179926514295
0.302863507541356
0.4572944310381107
0.46781809565223814
0.48889795042007883
0.39935638815154617
real result:
11
FBCCA:
0.4154820819698267
0.5949764221315259
1.4621618971891943
0.4222534539808587
0.3633781298105968
0.4095771791989078
0.45160632149805846
0.5237432667861766
0.4076421094023477
real result:
11
FBCCA:
0.37227895407917605
0.5638271041001764
1.2546021900185675
0.3593397573679761
0.4634819599748197
0.3826247948864262
0.35955878705403427
0.5858120818343753
0.34206969534605663
real result:
11
FBCCA:
0.39986858612706405
0.47943167081138516
0.9980508417518974
0.39540310231635695
0.37200920142331007
0.3538980056327955
0.3262009605338308
0.49297055357698405
0.2817037821914336
real result:
11
FBCCA:
0.47917214075977943
0.39649214101343233
0.6291909541353808
0.3609298290170885
0.3567661762848159
0.4203057121793848
0.2839992419395885
0.5276866570743721
0.35991527188387734
real result:
11
FBCCA:
0.39380531280332337
0.4943490082813022
0.5092779596917806
0.3686748768546366
0.30964546880510185
0.3095854609805779
0.43092785624749086
0.367474523280014
0.2583827723274377
real result:
11
FBCCA:
0.19889861103186207
0.37139448202600495
0.5551376289163665
0.2031401348117751
0.1883132945544638
0.4558545828345171
0.389330374152011
0.30867489539304993
0.390461476523391
real result:
11
FBCCA:
0.2855480098840174
0.31110640514698057
0.42428285114963316
0.2888285668302909
0.2199244578569815
0.5518429055362822
0.36806482758954223
0.2610291137704212
0.24218317957026972
real result:
11
FBCCA:
0.2654371613481005
0.3149674893207194
0.32912549738105795
0.27557340666196223
0.3472929427760024
0.6275217950976971
0.5174196652638834
0.23749888437444036
0.32954434523921744
real result:
0
FBCCA:
0.2723401468705261
0.3295293878040665
0.40012882290222235
0.2957056920936092
0.29434743734993063
0.5388223046201439
0.4717717428961543
0.263748443647137
0.2098258783636668
real result:
14
FBCCA:
0.3341541669555678
0.31993278065974956
0.3762783954754493
0.23826288853600805
0.4532234582446447
0.3662556353230357
0.43125160521925776
0.24252357081603876
0.2306381421909811
real result:
14
FBCCA:
0.3905707056250953
0.33901344325240657
0.38431719046883517
0.3304959324902981
0.34372514844086427
0.3904153627371716
0.4073405756132003
0.342166523528587
0.28184755968231545
real result:
0
FBCCA:
0.2935284756776147
0.3170031537966942
0.3208010512765571
0.2620941406339627
0.3448697955316131
0.33554654213592516
0.32817170529717277
0.380588259172247
0.23291200361396913
real result:
0
FBCCA:
0.2992778021345652
0.31907281688726497
0.40253098882201466
0.33487219590304795
0.3400599701445618
0.4722851060294775
0.35935452857122846
0.35523762723144114
0.2928679111327669
real result:
0
FBCCA:
0.2563007098761221
0.32557258832962493
0.3653181476753031
0.2474761105169135
0.30497068950255085
0.49964513249447934
0.3801112911814084
0.42491450357389854
0.34457555884279145
real result:
0
FBCCA:
0.3168148077657292
0.44395344973806533
0.3976503112881251
0.37724768603587966
0.46882559957753217
0.4600760717415894
0.47773221560913554
0.4055124266411802
0.4309153384236853
real result:
0
FBCCA:
0.45412810475168564
0.6701704753021136
0.4408963506338074
0.358794578964062
0.4962136457469889
0.4082951809101271
0.44482573643538387
0.48518818787708784
0.34179399414412426
real result:
0
FBCCA:
0.327602681616963
0.9455850741263998
0.41377473839393364
0.3283729367086692
0.40303833809105005
0.3430458772988504
0.6604888434151731
0.3952952074441018
0.3668527374428145
real result:
0
FBCCA:
0.3583155624636593
1.2307594405899058
0.33562184763243846
0.3325212792541302
0.34158754007607095
0.3992394189165197
0.581277392074884
0.418982694396408
0.44898572012118637
real result:
10
FBCCA:
0.4182267232441642
1.7088515045093498
0.4593262273368886
0.43949864750765844
0.36933158660714055
0.3881663742033248
0.5768566268466861
0.31679370803073803
0.39989854259079555
real result:
10
FBCCA:
0.4861169376455955
1.75538079360737
0.5015609363491699
0.5419064315592124
0.4687070238223724
0.38002087675504054
0.5987958461255776
0.4907810743246291
0.39299937797376194
real result:
10
FBCCA:
0.5176479316232853
1.8187274417356583
0.4274275565087053
0.664842288615168
0.443200975194785
0.40259208071862446
0.6233407735974736
0.42015132493316343
0.4529273259087644
real result:
10
FBCCA:
0.5181285714100526
1.5192000859374932
0.6165325875542373
0.4721840752428205
0.5056239367843891
0.5221671484315166
0.692780040046214
0.4664167779876642
0.37645649359314265
real result:
10
FBCCA:
0.3636479196901821
1.4854337117688448
0.6452516516228488
0.3848164882925625
0.5638497932772298
0.33215182038867985
0.7163169544702207
0.39573269003127703
0.4623978618547451
real result:
10
FBCCA:
0.41425031436309956
1.5585093143507738
0.7472272427656061
0.41779840305063776
0.6065657323527361
0.22366891123827096
0.7139764274207887
0.37336147927924074
0.39048914351315
real result:
10
FBCCA:
0.5727317048688677
1.5801964813374125
0.6432213450498481
0.4253698871453772
0.47708022335160294
0.34723248270140433
0.8746294910367886
0.3227882410778127
0.40902344695181764
real result:
10
FBCCA:
0.5111014375726032
1.778588877905023
0.44888961810330114
0.44132339675655397
0.43555926309343385
0.3130870412237419
0.8527717184903022
0.3234371240269673
0.4254786761209455
real result:
10
FBCCA:
0.46310718569920606
1.547276049911767
0.4672976730682084
0.31003947140430294
0.5264958093170602
0.4241527264563741
0.7865280448012648
0.2679131305034842
0.3924794620273077
real result:
10
FBCCA:
0.331922733495112
0.9870988534899994
0.38222890332744214
0.24368000229238135
0.4401915537329815
0.3961120944722496
0.6131873530353902
0.2962257636208138
0.2641410232114596
real result:
10
FBCCA:
0.3475494790118158
0.6465953213305451
0.3532265328926175
0.2876097205695481
0.3985998801128806
0.413043925640661
0.5923240520967363
0.3200587711127318
0.3584596725754564
real result:
10
FBCCA:
0.2808797533730562
0.4277689554802414
0.3257584133639175
0.33950286163481225
0.3403241161894119
0.453379839966172
0.4412504449708921
0.4620583944116431
0.35334752406341513
real result:
10
FBCCA:
0.34595957028987234
0.2603684912420942
0.378187590236436
0.3403112327441738
0.34231332707587303
0.4178250301785343
0.3241671750515579
0.3552071714930432
0.38457849507418285
real result:
0
FBCCA:
0.2880209893834104
0.32703399598749006
0.44586224253410045
0.3204622265729381
0.2519586341550856
0.3533135783993183
0.3931764023349929
0.4894497202437185
0.2963574156419859
real result:
0
FBCCA:
0.31495585374318313
0.38162513334876913
0.34849086618155356
0.35473767633653697
0.3078960578454766
0.3564294206846089
0.47637480667582405
0.3290826521734661
0.2968931746843022
real result:
0
FBCCA:
0.2739470921795933
0.3421437920744541
0.41531288201900923
0.28538451941876
0.3678988296752155
0.4042133828866961
0.4973276336703679
0.3748712381047614
0.31925884701797935
real result:
0
FBCCA:
0.2548706160927876
0.3538894570088745
0.3873677157961881
0.2946117543098198
0.24227517940625168
0.37586068816683704
0.38034562831944074
0.3839701052053304
0.33422847418200047
real result:
0
FBCCA:
0.2975858485175845
0.36163624422195595
0.5563992019120001
0.27771540647597925
0.2635696273325394
0.3210400571531484
0.3521099181971806
0.46595526787740404
0.2354814163920227
real result:
0
FBCCA:
0.24751864931623518
0.391251112899618
0.44369008922890957
0.2640491522297236
0.2829725593093459
0.2872399869453303
0.5401328140449584
0.6019974558501198
0.36526708322964124
real result:
0
FBCCA:
0.3213828269069976
0.6034296513406108
0.295741870524154
0.20163581630343552
0.3760325802301328
0.4541082432459648
0.5811792642917567
0.3843313350408951
0.4382054999357076
real result:
0
FBCCA:
0.22273811919723863
0.5711035451586856
0.30721345092414465
0.20571837912496704
0.3170226044066714
0.5137427812682754
0.6093093365879206
0.32822883610681514
0.456689310357449
real result:
0
FBCCA:
0.2524671399270279
0.4442398100289323
0.32962064274526326
0.17597971807952023
0.3073501264435951
0.4418015685737321
0.4003960305874877
0.28671239142096266
0.43607528406783114
real result:
0
FBCCA:
0.4469927147569927
0.3876709768154496
0.4841201744561081
0.255962997803511
0.3938891975228419
0.38133123842052236
0.319380600191113
0.3170064392961197
0.43705480249407774
real result:
0
FBCCA:
0.6767927843262966
0.6245598479886495
0.501484500794694
0.3533413695272148
0.44255300313558843
0.5114379117459836
0.44303522356487735
0.30843157795680914
0.42555939636572865
real result:
0
FBCCA:
0.9936984359408322
0.6271942030435459
0.4861379611926399
0.4049814787910151
0.40442742773673446
0.5057491442492364
0.5728141954266236
0.40948398431277905
0.5148269335563099
real result:
0
FBCCA:
1.363801622115426
0.5204397922639771
0.4250985910191571
0.3599359102372347
0.5100332465672031
0.5336347495129121
0.5128246756362685
0.4086734873379397
0.5898372684161696
real result:
9
FBCCA:
1.4627454413364078
0.5345340141683951
0.41572363521099787
0.4757466115749693
0.45854672734657503
0.40005336267821656
0.49417544810865016
0.38419587003490757
0.5083784645024358
real result:
9
FBCCA:
1.6132653692015826
0.47179568407800676
0.630484924673021
0.5130874444465103
0.5645148486929833
0.4699943227160102
0.4922085437190901
0.33901194040086396
0.3761507873935648
real result:
9
FBCCA:
1.7048506595512265
0.48137969180225043
0.5562305184703269
0.5494012759241422
0.5288009886984176
0.6382543050391962
0.569928215266053
0.4332948007313444
0.30205140502270417
real result:
9
FBCCA:
1.7644203635405327
0.5009601239407944
0.5278881599556788
0.49938350190048486
0.46994466688338865
0.660674059949586
0.5020192839570619
0.43437877894366017
0.3997592381443717
real result:
9
FBCCA:
1.802158187477784
0.35994878791514906
0.6112783384129822
0.516501109218534
0.510677228510703
0.4166647197813018
0.6255365568762697
0.5012926807130562
0.4657998655576325
real result:
9
FBCCA:
1.8215852483281492
0.34431418802320446
0.5536926720937987
0.6563057820664183
0.3306709562337438
0.36028498130289466
0.5860355724776604
0.5438602218133979
0.36896180897147646
real result:
9
FBCCA:
1.8597674941256714
0.4493021514279651
0.4243595019683953
0.6967271950365902
0.2563748414811634
0.3886489756101871
0.5235448668720789
0.5210545766122456
0.35783916853722136
real result:
9
FBCCA:
1.8337471434281365
0.612847057281875
0.4082856659842062
0.6770345908330551
0.38094764126086766
0.41811816032679844
0.5968930106832092
0.6227279420684693
0.3693769456955926
real result:
9
FBCCA:
1.2646319162412387
0.6555316299938
0.5674054141787255
0.5143362533442843
0.3388359384101862
0.4791285652397358
0.3084513863419193
0.5376121387808611
0.48143143080315315
real result:
9
FBCCA:
0.9110585924102894
0.6851185030273133
0.6174801226907967
0.4264946429610984
0.31654729110518853
0.34976933561448365
0.4212269136523442
0.5029813532622779
0.3061474848536843
real result:
9
FBCCA:
0.7132847749186931
0.53322674401463
0.6331217880941441
0.4305583831379579
0.30351280486999344
0.25506634946680873
0.5248436159579608
0.5604022975214731
0.3184343780895277
real result:
9
FBCCA:
0.5580533326663403
0.5412344637874769
0.6008932872338607
0.3578193226672159
0.32023249340565757
0.28875119487113393
0.4087545349062446
0.5721666489539898
0.26337906665358196
real result:
9
FBCCA:
0.4015219286413096
0.475089229137829
0.5325555084117546
0.31500976513647094
0.33983632111276846
0.38455685230276965
0.37005174547622177
0.41874733953760035
0.2624847902580729
real result:
0
FBCCA:
0.3141995035871592
0.3912582565349424
0.4079997336188857
0.24738041746003028
0.29940583272771615
0.3345796327439259
0.32138915819112635
0.36361796758899745
0.4484741466784241
real result:
0
FBCCA:
0.29998957937592247
0.3405224530583083
0.3276392491423789
0.2618759119114549
0.30699918396607195
0.3905309405809556
0.3513779436172676
0.3630812814201745
0.519025231137478
real result:
0
FBCCA:
0.2702885090759447
0.3734364022170309
0.37418391578461707
0.31209817427542713
0.33120419708192345
0.3886246808823214
0.3135916318790801
0.3007664593411397
0.45877070031296835
real result:
17
FBCCA:
0.2433139602826203
0.2980424940216937
0.25644997588871715
0.21021262777831182
0.29490038221961284
0.26248776768960924
0.3880808070384694
0.21781099372126103
0.5333984895608933
real result:
17
FBCCA:
0.27339304721583213
0.26737184381735
0.3521334504217842
0.27138232619000335
0.2606010929612605
0.2665773957319484
0.33126959517394583
0.23979075116871537
0.3858265118164845
real result:
17
FBCCA:
0.38801454825429665
0.31032589877946576
0.4211086362228515
0.2524161961877444
0.4310849184863308
0.4055589070234123
0.4350407476868218
0.24612589575803323
0.40040866115683255
real result:
17
FBCCA:
0.43724503557440786
0.26348977418905406
0.47973031938281924
0.27183771160642384
0.3060787699298519
0.29192517273964885
0.46350419843936547
0.3188499166529231
0.2767628304932127
real result:
0
FBCCA:
0.3138248232708602
0.36457068880118804
0.391635414696369
0.2819459931070588
0.33559680759324106
0.429892059945321
0.45374319588398526
0.34007792353757943
0.27634797511791614
real result:
0
FBCCA:
0.29981923499168295
0.23768799044543382
0.3515824301403243
0.33253887268961896
0.32272138514989895
0.4020975997363548
0.4565970414686471
0.36454351804905333
0.19807279190181268
real result:
15
FBCCA:
0.38645599012474946
0.5196361677280787
0.36218976919674817
0.3135994048368316
0.3023404845883788
0.38370707564910617
0.43511654837285846
0.356118626708093
0.24881670155875726
real result:
0
FBCCA:
0.37952537982550216
0.5054609757623656
0.41938768120728004
0.4039930314065158
0.25995696493349263
0.3867482764106668
0.5236601513301379
0.41089133350209434
0.2582268311130474
real result:
15
