FBCCA:
0.4337470262719133
0.3344310670629088
0.542218729549118
0.2858267610012285
0.3242765087907428
0.4046404583426322
0.3688209836565047
0.27687443413237045
0.2549008115735979
real result:
0
FBCCA:
0.4727307158610659
0.31174503337689513
0.43047236737310285
0.33668694529315374
0.2206018583944129
0.3297939188846317
0.33571754116091906
0.2921112310207745
0.31419127817222225
real result:
0
FBCCA:
0.38880589880005584
0.22666819182560083
0.29910553514350474
0.3076130016021675
0.22753653648858765
0.422438121254067
0.2716677450003202
0.31335269507740066
0.26387908128024884
real result:
0
FBCCA:
0.2554609539161129
0.2762732010115528
0.25120019230072943
0.19236935646757758
0.3444263582625772
0.3629541905699296
0.38583260504458333
0.30670659708458897
0.23029608548710712
real result:
0
FBCCA:
0.1725371198713661
0.2539437938933533
0.30784720721659303
0.21161206194229595
0.45555966471379983
0.5154819049118238
0.3285395710044769
0.2559513338152309
0.21686641995617964
real result:
0
FBCCA:
0.1819075313401404
0.259426143461184
0.3782639670946492
0.22944705946919394
0.4026768882731204
0.34147739016087664
0.422182101796708
0.38688961490435764
0.2265723558565124
real result:
0
FBCCA:
0.2767067604890113
0.27507077917105444
0.4859764079543995
0.26673855310097233
0.38345845489098657
0.350848002243095
0.40140965368551423
0.5252546392110535
0.275476867336326
real result:
0
FBCCA:
0.33775850414967273
0.34411453354930766
0.411012054651739
0.3003816409214082
0.31537552471600405
0.3751736615831863
0.46637932194497256
0.5745280761645876
0.31594869964108585
real result:
0
FBCCA:
0.33639918838073796
0.350957248548041
0.3458133271076698
0.20989914400681878
0.2462029488684749
0.31832115911103204
0.5710947519647454
0.393298500525082
0.29336364143386595
real result:
0
FBCCA:
0.40415211270868445
0.42105606258061923
0.5085514314459647
0.337342512254433
0.25765917977914365
0.4145676534498648
0.5301351738211707
0.3433147595082237
0.3293360268174873
real result:
0
FBCCA:
0.5115334381159174
0.4394682111499096
0.6944947883029193
0.5404516120225896
0.3306496431903194
0.2952563032244755
0.5616908108912322
0.40800035166842963
0.5603326655817945
real result:
0
FBCCA:
0.503300252043924
0.5554327429489465
0.630464458700382
0.5077735128914365
0.3595194725570693
0.4702854311253253
0.46054121910601126
0.5609838397963366
0.7181471898628565
real result:
0
FBCCA:
0.5785997824710964
0.4718670570043051
0.7375885713165942
0.4542010063046528
0.37323970643555127
0.5524856623505597
0.37613090051909537
0.6149330007941505
0.9651306281226054
real result:
0
FBCCA:
0.60724700381246
0.432345809095521
0.4389812960682271
0.35994766380984583
0.47938140415047387
0.4921590995743924
0.4010279037024201
0.4301166140043154
1.2201337763773963
real result:
17
FBCCA:
0.4786862586569954
0.42133321842003457
0.6241937710643266
0.2994140853777793
0.45346552021873865
0.5186523282809549
0.4365336701040678
0.473048052521648
1.206970880966484
real result:
17
FBCCA:
0.3917714574713958
0.6454114254463816
0.5140554211682004
0.3459410102896197
0.5517643792960332
0.5905973407176488
0.6590231481338515
0.4999803237278547
1.3464469102696603
real result:
17
FBCCA:
0.36769225857773763
0.7028186208605848
0.40232532228535
0.4869816785969168
0.6790607548039764
0.6125436149645359
0.5611869220112065
0.454783477206105
1.3724144042551485
real result:
17
FBCCA:
0.21700009999520248
0.5062289672575238
0.3797036963376925
0.3596032553690696
0.5303426427931265
0.6124743048677528
0.5925754704103897
0.5355804521607805
1.2293978667372079
real result:
17
FBCCA:
0.2756681925680113
0.5365738462941515
0.48737736232859763
0.4026009128556636
0.517751415583785
0.7606949819484774
0.4932028664045887
0.4085963029789676
1.218133016429377
real result:
17
FBCCA:
0.3641645245717224
0.5222461739494219
0.6179312853510681
0.4879100515781357
0.4047065090184546
0.6186411519645799
0.6295514944714021
0.3935347262249338
1.0905170008848069
real result:
17
FBCCA:
0.49756697008932665
0.4227361333985218
0.8057336266105907
0.4381520357089916
0.3520704003406505
0.3766358134713638
0.6691947737767341
0.302892489851164
1.126880981539579
real result:
17
FBCCA:
0.5118428284065385
0.43910074075286915
0.6494538051583311
0.3879649506711643
0.4249984226621164
0.4130094873090401
0.4362788812508058
0.475264985087384
0.9478161075332994
real result:
17
FBCCA:
0.47496040812866586
0.4898625893044611
0.583780535737558
0.4734430925009361
0.4310053837502397
0.4412508954472063
0.5294465511816261
0.4832645175453635
0.867797259353396
real result:
17
FBCCA:
0.3814710597580779
0.43302768792313534
0.4267127035990351
0.45310490034498496
0.4248519955733694
0.41930262639980576
0.5836888874489004
0.5913176926012331
0.6839852953598891
real result:
17
FBCCA:
0.42819742086147194
0.44958263972619245
0.45251038279822936
0.45205826058813203
0.49855240888805763
0.46882589417373366
0.5477963059263307
0.4677662204141845
0.4383137022737196
real result:
17
FBCCA:
0.3301261542894635
0.35136907217669394
0.3189627960833971
0.32937701003698894
0.3866643820792044
0.40124476716365887
0.41667394167218785
0.37328900703902723
0.37673574098030865
real result:
0
FBCCA:
0.2798866100030093
0.43397855164648047
0.3690001557888932
0.24873921120395534
0.31627261278749974
0.30244137878762517
0.5600998785015922
0.588566021422155
0.28805275368847905
real result:
0
FBCCA:
0.2366312020054295
0.36090063879345197
0.358706047586823
0.3675082254665991
0.2645634603642247
0.3430138980338533
0.4267037885333907
0.6048288110305567
0.37212513168009337
real result:
0
FBCCA:
0.31754069792659856
0.32014948221476863
0.4217168193469883
0.2356989716404954
0.37898436262280266
0.4009857138007217
0.39873225492478015
0.5571749022888549
0.5355234525979606
real result:
16
FBCCA:
0.28957918822474216
0.35087091438600887
0.310135286655894
0.27147337182245307
0.3244783857112644
0.5123792314713934
0.393041857584034
0.6385695536509675
0.4497334433456765
real result:
16
FBCCA:
0.3664321432472455
0.3681424667623498
0.4685654656955463
0.25311712383061347
0.2574428879550403
0.3000474159240706
0.4712432732401353
0.5009585512583266
0.33370279532849745
real result:
16
FBCCA:
0.3673298870620812
0.3520625047914575
0.5002900730041288
0.2785420171201658
0.3110526877686689
0.37353480771603953
0.3878973509464415
0.3702238433104493
0.3501607271501587
real result:
16
FBCCA:
0.4352918194299303
0.4640555426110868
0.5724373088846388
0.37776718357127187
0.2692269235594241
0.3223786685114306
0.5735004929478414
0.4097589461008687
0.2813763237084516
real result:
0
FBCCA:
0.34164031288229757
0.45830891621093234
0.517185127079494
0.3630767902802103
0.2554693136072094
0.4466206336946075
0.5040670262756572
0.31772635127264
0.2945974401978073
real result:
0
FBCCA:
0.29437395199236227
0.41644316987869756
0.5246091386284893
0.21250782427517334
0.24693384696786624
0.4482295485596733
0.34555583011401564
0.338680978703749
0.24596168280447334
real result:
11
FBCCA:
0.3388010411369083
0.3642799981020235
0.44238119563673367
0.19769037199605255
0.2684215873414554
0.34318562396729024
0.42547373163677904
0.40613982738341053
0.22806795504171204
real result:
11
FBCCA:
0.3954249485199466
0.5050815565995628
0.5150702202407087
0.29667088215167803
0.39196110415250235
0.40123002844961403
0.5432477214898737
0.5010247089747056
0.27996109503491245
real result:
11
FBCCA:
0.3830917761298433
0.5966175349208214
0.5861275497279601
0.6618665873326399
0.4106076858276065
0.5392352562076016
0.49693896510950597
0.33103493046200794
0.321492595504716
real result:
0
FBCCA:
0.4411221164778445
0.7760995120890883
0.5463688246333296
0.995265552194641
0.37942053000586273
0.40758345971094745
0.6946542054962158
0.3541541098042709
0.3629438951175848
real result:
0
FBCCA:
0.5465045575469456
0.8100179791062944
0.46229324648483733
1.3406451637520596
0.28836815928283577
0.329082666081675
0.730968863169729
0.36764778595277076
0.2899614604413254
real result:
12
FBCCA:
0.457316249273461
0.6972017678369871
0.3997114977875345
1.4505581371998175
0.3599869300170352
0.40257787562407776
0.7113560006138031
0.4368250218562605
0.42772487881917803
real result:
12
FBCCA:
0.6721765644493269
0.4675974190147455
0.3627303017522938
1.4212159047708082
0.4174300651243468
0.3852461698079499
0.688191569621289
0.2940927852153197
0.48324450706932365
real result:
12
FBCCA:
0.6062534556460061
0.38875329894567456
0.43420580701843525
1.412076942790409
0.3796354390078683
0.49487078962263514
0.697332575903864
0.3894923762093137
0.43991350799268686
real result:
12
FBCCA:
0.6447118353884059
0.5112874673437527
0.5280604642444438
1.039437815084128
0.44855382967523844
0.7468058338436421
0.5705117788283101
0.3303798059093639
0.5672071086602253
real result:
12
FBCCA:
0.5982194696939077
0.6280367883030529
0.4536591652998127
1.1118060074464011
0.40654665185726735
0.5466466205797482
0.6002419723739882
0.32504762238558715
0.6032660082880693
real result:
12
FBCCA:
0.5102099729710218
0.4638394812280252
0.4280102117402509
1.261077099282873
0.450579399459736
0.6518553510139601
0.43265817248059546
0.3521662228881635
0.6324324836071704
real result:
12
FBCCA:
0.45687561220771317
0.4387870615478849
0.32695610353945365
1.3731520061985678
0.44351481498803286
0.7598954115061711
0.4026173539621331
0.37969424722002454
0.412972977075021
real result:
12
FBCCA:
0.5094418462280383
0.49727629297343084
0.34488631010204635
1.878288557717982
0.3412535740692587
0.5494327197193627
0.5566971524621533
0.42980358916382333
0.4847127389223395
real result:
12
FBCCA:
0.5804854630691464
0.41991287739839145
0.5704125089411284
1.4408730137710404
0.41329700938119107
0.594760900491171
0.6338206588157796
0.4300859889997
0.5215921662937996
real result:
12
FBCCA:
0.43205403427592604
0.5628619084616363
0.4473498222807429
1.287196439619374
0.3181581768776621
0.5242605758748591
0.6485049875212192
0.45301916937784237
0.4541413335484046
real result:
12
FBCCA:
0.5068363683831193
0.5497549795761184
0.4454648605722333
0.9829901241992196
0.3965147437530063
0.4222955025289806
0.5993262477045327
0.2805721790685519
0.4409032625422644
real result:
12
FBCCA:
0.48917387891977127
0.5587039142348856
0.3801433236881126
0.6318981414216687
0.36520574266810263
0.42966324296652
0.5629215327335806
0.3679078149560734
0.41228812552241495
real result:
12
FBCCA:
0.5072827334400806
0.5386486435746578
0.4248908399477249
0.5970733351317447
0.32721914185468415
0.3785474146763133
0.45410520446841734
0.4107927126678643
0.3671242556262366
real result:
12
FBCCA:
0.38420128377702134
0.37973896055413237
0.44790505283449844
0.33225189718486603
0.3555651308605602
0.38310980605676515
0.38971396177675155
0.40539745063661553
0.3065317012672662
real result:
12
FBCCA:
0.3077259479199278
0.33034469315875564
0.44146196627998224
0.30379047699331135
0.2542134348248799
0.34081677411454797
0.39504725229174487
0.340083588345808
0.37476047875799706
real result:
0
FBCCA:
0.269965884259716
0.3191937621495755
0.3673452813599758
0.23811449845863983
0.2579789885842701
0.3935771844268904
0.5944794275089915
0.3531214091762906
0.41307768726212085
real result:
0
FBCCA:
0.31992956118772103
0.3810369138386616
0.3528684263330431
0.35791756224441035
0.26058848889853536
0.3652899769827983
0.5330157778617403
0.2605954724405477
0.34328958232617784
real result:
0
FBCCA:
0.34662061671729105
0.4832364043174476
0.3411450453098545
0.3387040552486409
0.2960278751718167
0.3709502314597951
0.40365554969198114
0.30544556853165383
0.3635511960805659
real result:
0
FBCCA:
0.2862052729009743
0.5767224383518051
0.3980928593750748
0.251458570243856
0.2665519066295115
0.38966007017377147
0.43090158474712015
0.402887680881992
0.34474513681588204
real result:
0
FBCCA:
0.29813073040706556
0.4675771426628143
0.4813429999850712
0.2864649556503391
0.33160544888499377
0.5487190395637986
0.3492993696340379
0.3340105370217799
0.20902993007713025
real result:
0
FBCCA:
0.3620794757305081
0.4978542535713749
0.33983587355181805
0.3966392570131805
0.22881571101946824
0.5973309234369965
0.41508874760519626
0.2762125888142673
0.17700165893278924
real result:
0
FBCCA:
0.3382724418982607
0.3955707860301915
0.38567082977906797
0.28464051192580725
0.26832641710774807
0.5187166868529423
0.4443862732539409
0.34803846814433015
0.38549237615163506
real result:
14
FBCCA:
0.29754591970437916
0.3784569055481309
0.35173803798806874
0.28881384580341884
0.4302709931666163
0.43447259835049457
0.42618923881667803
0.3637869761951791
0.4298926077858418
real result:
14
FBCCA:
0.3370906298081968
0.3489354540012122
0.3737381737449359
0.30155036589639816
0.2607865113287016
0.41736024135042926
0.39209117118258346
0.2821733959850993
0.34430685448576026
real result:
14
FBCCA:
0.2816824982923463
0.28121396975405233
0.33227964257659515
0.22407468045840748
0.32429782924146977
0.44522082909362737
0.33082167566454856
0.3372889416986883
0.25726105700669993
real result:
14
FBCCA:
0.5095130403549223
0.45203453074442473
0.4359985487859065
0.43574768339883374
0.47349301641069774
0.46897279727056584
0.4300189638994035
0.41622461601260297
0.3450844541046913
real result:
14
FBCCA:
0.560528049347092
0.42874869591953596
0.6638000190484659
0.367260717554386
0.40565224339123485
0.5205403704696625
0.467586425367527
0.4217097582005011
0.24591852018742416
real result:
0
FBCCA:
0.49173289751746596
0.33202197987089754
1.0357101442979257
0.2898384636111726
0.3773921513830508
0.5972056505202137
0.3687222534775102
0.4079640631806667
0.2109954285776816
real result:
0
FBCCA:
0.5371842576187783
0.42242803693818815
1.3173099569299018
0.3231256176066453
0.3798894007980564
0.4212791888431333
0.3672559813307729
0.5218405345667164
0.25988485141749024
real result:
11
FBCCA:
0.42008825795761756
0.5142148997813676
1.7878637916953586
0.3128720004353659
0.40471432595003654
0.5610352185475838
0.4988483346494127
0.5402556493322028
0.341061527915259
real result:
11
FBCCA:
0.3541365175666932
0.6313302773822499
1.6358441813615408
0.4339299123194271
0.448639640207239
0.6291622207125055
0.7919604338824002
0.48222135353291684
0.2800381462216332
real result:
11
FBCCA:
0.41569027227737787
0.46988917362449995
1.7621299258221454
0.5450895355039119
0.4000800005841927
0.4366698671027317
0.6357062349803548
0.5243510846811295
0.309174051649146
real result:
11
FBCCA:
0.5535493714130277
0.43844147646807013
1.7014018170438028
0.5020242635048985
0.44479898408678115
0.4405861431897693
0.547753368864065
0.46512315970066825
0.2579935539378698
real result:
11
FBCCA:
0.6151577070081051
0.5897563545801294
1.6778621704230776
0.46675935621255854
0.5092660509630386
0.5154405271296689
0.4699940531618355
0.34888276370392407
0.278511463584618
real result:
11
FBCCA:
0.6432871372745679
0.5909680013069877
1.4905807171581025
0.44914933389618356
0.28640084074722133
0.48463141708629465
0.45304771574849434
0.3600040259636716
0.32019878493692117
real result:
11
FBCCA:
0.5695790190538789
0.48335040565389364
1.4265831649061984
0.402168272814342
0.35671380417407855
0.5120146598530108
0.46536029671104034
0.4049888063388148
0.4367966535325654
real result:
11
FBCCA:
0.41390783703880524
0.5319500538905522
1.4430613158793317
0.49805162779853507
0.4132593030596231
0.37273448940912846
0.406066302580302
0.46636661430808185
0.49986485972317257
real result:
11
FBCCA:
0.39281225675770415
0.531841455343238
1.3464950593714111
0.37282121233161625
0.39935754458404116
0.3559632310631259
0.3921075894057568
0.5822894636608623
0.3613112674763697
real result:
11
FBCCA:
0.5024108164390796
0.4835995447518477
1.3104884440231601
0.40428832925818153
0.4359870081639078
0.27918284191105996
0.3055297641769067
0.5084364980660809
0.3080618962060474
real result:
11
FBCCA:
0.4582807410427039
0.5021653137265293
1.065815483223323
0.4603018395670023
0.4446250959731988
0.3195200277252156
0.2918957374684794
0.5312343687467723
0.2538384188577262
real result:
11
FBCCA:
0.45692795627189575
0.45313507730843183
0.7176464686341458
0.3713082611226458
0.4283313808917754
0.4318016191841156
0.33323761142123964
0.45236501077242897
0.26409240023648406
real result:
11
FBCCA:
0.47885924565144444
0.41425386866321656
0.5619326582285166
0.32731402849828345
0.42584019423723535
0.3876366542068465
0.3780224017728297
0.4047496658177434
0.41290101639688453
real result:
11
FBCCA:
0.22710540221020903
0.4436174815285674
0.2944811456850492
0.2818662902442351
0.3642626531638503
0.38788511078440485
0.5789909987076102
0.4538582550171318
0.5221948481198229
real result:
11
FBCCA:
0.34698652508721334
0.36476267969098664
0.32273593364175934
0.4029324247612405
0.41296792749313255
0.3311769684191892
0.7006048178622282
0.40834203115535034
0.44872328823568347
real result:
0
FBCCA:
0.3113242201566905
0.34133950887221776
0.3769069678866329
0.3059581317448888
0.2239335183488199
0.29738706410116017
0.5693284996713364
0.3946546747949495
0.341958746424414
real result:
15
FBCCA:
0.25868592442878124
0.2760241076179298
0.3608327317930945
0.25849594705115325
0.24978719667674615
0.4130651015338094
0.4780788417412698
0.424281712426508
0.2553273092363904
real result:
15
FBCCA:
0.2812871757298778
0.36033944283464975
0.42118253498054176
0.20955131547011674
0.2667540330576395
0.35832172092926917
0.40238210299090715
0.34732750555044606
0.27275736534864176
real result:
15
FBCCA:
0.3106908031279293
0.35060371104112853
0.374377135892364
0.2745252637720854
0.3093652532218752
0.4015370639237857
0.5194052351928028
0.412657818838439
0.31408571481220865
real result:
15
FBCCA:
0.4211442081432367
0.4516053793392934
0.3963856463050659
0.31873921745860434
0.24971475935885692
0.4249864167002586
0.41043960956934944
0.21934354471321937
0.373247581195901
real result:
0
FBCCA:
0.4108596168304139
0.3618418212359591
0.3299613609388894
0.26652176743578265
0.2683137391055485
0.46478177418671784
0.32062637608875333
0.2543786868183041
0.39136810526163035
real result:
0
FBCCA:
0.3335663286175169
0.2996094738586531
0.3526751906283273
0.21706052576678397
0.37902605722357335
0.3951527363667554
0.3893266915739252
0.2870359962168272
0.31185560399905765
real result:
0
FBCCA:
0.282336963982809
0.3666606270014839
0.2959226760170101
0.3530369877156858
0.3752899280919855
0.38943542366315875
0.39964482576488575
0.2619329951735916
0.31658553733536593
real result:
0
FBCCA:
0.2786396169567072
0.4510930539302559
0.24755818102159205
0.44293689181493817
0.3738322101851904
0.356488957161783
0.452730620975615
0.3797887790199418
0.4263571411474732
real result:
0
FBCCA:
0.41433226516215643
0.45065592663938386
0.3938951427830056
0.3101573684844768
0.28979807606673963
0.43451239733907443
0.42258184955943456
0.4379466548338075
0.2854860582262621
real result:
0
FBCCA:
0.4374013867287169
0.49748169929205
0.5112167818798442
0.3718052183005205
0.4445766231506656
0.3607432725330395
0.3878425140230684
0.49591363304585545
0.34614461223065435
real result:
0
FBCCA:
0.4080567875055412
0.7767646337654459
0.4738194225020985
0.32074666392542805
0.39347843366306434
0.4285921154828345
0.5543238768576088
0.5011476252735104
0.33307343304645814
real result:
0
FBCCA:
0.3620416452578522
1.078980010795027
0.4612313491896807
0.30491043219697317
0.36091286110825094
0.4108231044289176
0.5576088465169969
0.3947631709946907
0.36300360349561267
real result:
10
FBCCA:
0.4957037597135786
1.7191440245491743
0.3814131760893584
0.3455294305306758
0.402273883265876
0.42873401757380064
0.6004389449560952
0.3883484620851362
0.4180252617867478
real result:
10
FBCCA:
0.4463079807208274
1.7387964235346645
0.5347579727246043
0.4847355962604388
0.435982418801861
0.343652897868961
0.6807884612352876
0.40547938417390633
0.4264696017326775
real result:
10
FBCCA:
0.4678620673883066
1.7944321863215176
0.429475718175663
0.67303791855846
0.48978958703104425
0.3384327089822542
0.5703737635601069
0.4877199125849168
0.4042325692068122
real result:
10
FBCCA:
0.5045637585850761
1.497134416702003
0.440140773429618
0.49087916829573813
0.46174179599207327
0.6328863109124577
0.573463965289577
0.45924810926912063
0.4322960870736461
real result:
10
FBCCA:
0.32166867663107956
1.5654031595044124
0.5740858549759372
0.44163643007626374
0.4801628137291594
0.46466279826079837
0.7525747287545259
0.3973955074018097
0.466218968857831
real result:
10
FBCCA:
0.3635918554553008
1.535808212295447
0.790571274088659
0.41292861449279505
0.5305470145876088
0.2765148067412902
0.7441014029300459
0.34957068774913536
0.3912448102978588
real result:
10
FBCCA:
0.5104607008029283
1.4963889566124897
0.7077016117732229
0.43480684626693716
0.552172227230774
0.31850640505417754
0.7077193865427966
0.33474201932317993
0.4231995105864898
real result:
10
FBCCA:
0.5156968527245113
1.8552286040971926
0.5503095812576391
0.42454020663208075
0.44070240130557853
0.338936678632668
0.8553612711929535
0.25973876584444827
0.35993515969951334
real result:
10
FBCCA:
0.5259437253012256
1.7068007588410592
0.4979055956453868
0.329966138798699
0.485296500618478
0.31509393296737004
0.8449477917108964
0.3085513917087815
0.37813587542885035
real result:
10
FBCCA:
0.4093984584372956
1.4516165308868867
0.5247531424863203
0.2870668598157983
0.5646276551436038
0.47953054167549286
0.804383156016977
0.3015442674979623
0.33279113983474473
real result:
10
FBCCA:
0.34790434545367716
0.9824014273522271
0.47185424307351603
0.26450194302374846
0.47485158241844805
0.42366080191159344
0.6827164850580767
0.37795263764189135
0.4016446608600263
real result:
10
FBCCA:
0.33730599121243215
0.5928125996980566
0.46455648510024045
0.2725015103242685
0.3179313996516747
0.5562771112488714
0.5240519740490847
0.2809398304800025
0.5037282863998109
real result:
10
FBCCA:
0.4517140896517716
0.4165344141894498
0.4726777423462364
0.26505320684241174
0.3094903566046897
0.4827976881458863
0.3722755781236924
0.30144046089797827
0.47008908303185826
real result:
10
FBCCA:
0.254607250520889
0.25482078361922766
0.40864206296479455
0.21290827923150357
0.34995751019024857
0.2058433957434245
0.3473813883097362
0.32609577953221863
0.3305936898172456
real result:
0
FBCCA:
0.2939442658475773
0.37859486611653015
0.3869144129137331
0.24100119085628743
0.3639307208710625
0.3072422020043237
0.3713450520190781
0.3720917564000608
0.33814505820479795
real result:
0
FBCCA:
0.3099256760917454
0.3030920807111447
0.5015815513757764
0.24482690426842363
0.440273901367222
0.347112904056085
0.3491372657416823
0.36486876861973067
0.5478285443274441
real result:
0
FBCCA:
0.27892016383847057
0.3967706669208153
0.41535484566295333
0.2736750913923917
0.4801962442068607
0.5003318227997355
0.3923411342678268
0.33833091213848043
0.45484035997466493
real result:
0
FBCCA:
0.2838454053920204
0.4216535843481122
0.422664084208356
0.3331606950455967
0.3655694221717515
0.33441785593016593
0.5516705352585312
0.3003803996437063
0.3956771185998735
real result:
0
FBCCA:
0.29199244568572413
0.3778848620046326
0.3186501516560061
0.2739829732873657
0.27044271156076194
0.3862565604256513
0.5085816883492288
0.2873161672135658
0.5467023886157194
real result:
0
FBCCA:
0.28909413330742123
0.4219559004192753
0.4044892699668085
0.22630343498871053
0.29044375215132695
0.3159392349839415
0.4905653060062166
0.27093236055070546
0.5206521414037747
real result:
0
FBCCA:
0.20886166600763972
0.31011854172930703
0.3586913327517896
0.2263142650660861
0.25340749493549625
0.40772186608930333
0.37025076515159966
0.2879217212681571
0.4115134597128178
real result:
17
FBCCA:
0.20475272201093514
0.29376290208261857
0.3863190885608039
0.23740883226818224
0.28455310302671866
0.5199742645758688
0.35404324629240685
0.3550120315051915
0.25321289938749625
real result:
17
FBCCA:
0.3159265012170699
0.3209810032603256
0.3794837055542354
0.2732520149242932
0.2639130878720017
0.45351033837409294
0.34509237590339936
0.2709182076710681
0.3390933619468818
real result:
0
FBCCA:
0.3996178393842952
0.33047925322814087
0.31375298233577675
0.4062658322760063
0.21504715501122962
0.4608220869748313
0.3489428261015528
0.3512901102286448
0.37468101086987404
real result:
14
FBCCA:
0.3834043915288648
0.2716783494709569
0.3687900322082293
0.291176230549579
0.19023515410343902
0.3278952237654673
0.3897354510316961
0.27215859647628354
0.30932152694676773
real result:
14
FBCCA:
0.30573599210896435
0.3874563803744744
0.4281283527738351
0.26236313279441353
0.312363501782082
0.5186091309349041
0.4274524580353475
0.33653164290306103
0.299688564586707
real result:
14
FBCCA:
0.5362826828585143
0.5643621631047865
0.5816701170308479
0.40384003006427494
0.43335872644011686
0.45415089563708255
0.42630748985714895
0.37623505542864444
0.2856692737105066
real result:
0
FBCCA:
0.8391804586022394
0.4585870449075932
0.4391166498361902
0.3706828533222134
0.415362548221701
0.6339058470625544
0.46382903494519323
0.38283336673701207
0.5080210236147521
real result:
0
FBCCA:
1.1814723816213286
0.6100348798467586
0.4638272467495906
0.3986325242802895
0.39107001052176465
0.4928750918672917
0.6383911529762194
0.3682510691507388
0.5746073308976357
real result:
0
FBCCA:
1.3842328556501535
0.5411337614000953
0.4598164977417371
0.3846383825493904
0.5101595777181589
0.4658623621673309
0.5352435227711462
0.2857331059596212
0.5915561682667381
real result:
9
FBCCA:
1.5856248055305846
0.47180028276296365
0.4831700989748744
0.469236262383475
0.5090418892264132
0.3700125748322554
0.5323397865122872
0.27310154033827716
0.4162675131607412
real result:
9
FBCCA:
1.661404413484745
0.45131132414934877
0.599511726319254
0.502188515323892
0.5964118010061796
0.4882231475894437
0.5033679367489509
0.4151353105297399
0.27892261082607345
real result:
9
FBCCA:
1.7392471482872205
0.4478966530815953
0.6719332654149877
0.5565855423985139
0.5375782226714911
0.6569758881959673
0.48635801292161085
0.4709071523830458
0.361640448522288
real result:
9
FBCCA:
1.74271047756958
0.48207531945621884
0.5689272632919364
0.45097568226445855
0.44884218384341457
0.6676072369736628
0.5707979153060397
0.5268124517951764
0.5171955529038361
real result:
9
FBCCA:
1.8546668441510374
0.331164434647903
0.5548992060603579
0.542852678725044
0.4681808044667607
0.3839991236824191
0.5606439342600642
0.4856977422723694
0.45599477313659487
real result:
9
FBCCA:
1.7933096930190144
0.47645029507284603
0.4132792200295201
0.6248951423672872
0.4069895121902609
0.36639473061583383
0.5966019961273304
0.44439548801964374
0.40361817014287144
real result:
9
FBCCA:
1.8708841468503241
0.5718890821802336
0.4581657433570776
0.7533591486983882
0.3034215740890294
0.3605676195765891
0.672113780559041
0.48483646044192
0.39167347949190995
real result:
9
FBCCA:
1.5161021608541843
0.7157451853373048
0.46440876034798734
0.5361280624283624
0.36695246563780637
0.4450866939573666
0.44834122623400047
0.5356697183974608
0.4352911544851002
real result:
9
FBCCA:
1.1194643027471736
0.6370535928780947
0.6301669187250892
0.5086976862735955
0.31171936489381524
0.3767825202045982
0.40818156680827267
0.600342211352167
0.4081348466528422
real result:
9
FBCCA:
0.8756637847500663
0.5841936994008861
0.6432272808068266
0.507065839380003
0.1947853605081801
0.41492440986564755
0.44976662497336056
0.46496748610345895
0.3741744866923899
real result:
9
FBCCA:
0.8831216892507269
0.654113595529189
0.5875293330614768
0.567654552232235
0.266675192624484
0.40288704115643265
0.5207688020087321
0.42638578605479477
0.41513358344465234
real result:
9
FBCCA:
1.0387729985284608
0.6431053522995894
0.5575253907375809
0.44830489943948937
0.2804268441382629
0.4868098271770183
0.4704007936419534
0.4780953385072968
0.39843706703112747
real result:
9
FBCCA:
0.804256210092911
0.73737417812229
0.5815802292349012
0.42374291955897603
0.33245828987752063
0.4527958876006346
0.4954697493172275
0.45860228960878197
0.4916780039325662
real result:
9
FBCCA:
0.5950860843416902
0.5621006777081038
0.43360883703871705
0.4485878723786718
0.3917337639337188
0.394023301338783
0.4896985014426583
0.4572686726143468
0.4015821038289675
real result:
9
FBCCA:
0.306550499234502
0.4037883849552714
0.4833256512801805
0.2943704904504208
0.3779513719752192
0.3665076584026748
0.3095274754243473
0.34540200274494703
0.2624630585812368
real result:
9
FBCCA:
0.2566257400768548
0.3925824770452799
0.45476547528542294
0.36101032619997736
0.3053198714564178
0.34015937431656856
0.37052037572344104
0.36257279991877683
0.5224528876488311
real result:
0
FBCCA:
0.3400673297228821
0.5108399669226642
0.3499018494593211
0.27366852584073387
0.2563516404632195
0.3814492361440491
0.3318958017533531
0.31765589350868817
0.3467870558775581
real result:
0
FBCCA:
0.3813625772348133
0.5062072100833819
0.40816425517759347
0.32410033000469574
0.23332422163477318
0.4019124289018932
0.3585371641849665
0.3195102775684354
0.4352525984622864
real result:
0
FBCCA:
0.3674999978392527
0.3937525672604617
0.26027329654812786
0.3515441945472248
0.35950690361106924
0.4507511703078285
0.5351677233697667
0.3895984179213686
0.4998091110445929
real result:
0
FBCCA:
0.30144077876429454
0.36053419731733405
0.2651443493089901
0.2715233378771575
0.3164206153978901
0.3801350823218356
0.4052578926140582
0.46358566491867675
0.296117578621142
real result:
0
FBCCA:
0.3189819080933852
0.3446310520243503
0.3275775401826309
0.34304059674747156
0.3573696184255468
0.37328142524613545
0.38425245888661663
0.4832314601510205
0.23736756033381987
real result:
0
FBCCA:
0.2709363420422319
0.3244364943442034
0.32538144292670895
0.3054806833681522
0.32656268634637
0.41569228749074916
0.5017483808526588
0.4385136918585426
0.19121342322720714
real result:
0
FBCCA:
0.24184235421485079
0.2984172944825826
0.32109564272146923
0.23582630636575033
0.3215212805160126
0.32681221328342724
0.4651542548961617
0.3762423891000904
0.21102935543551044
real result:
0
FBCCA:
0.23877372613303138
0.2927305933387904
0.4007435157661672
0.23542542403172265
0.28500265619041765
0.31751887332985806
0.5697292560369538
0.32313862741803334
0.2412235048042117
real result:
15
