FBCCA:
0.3715139734448179
0.35451912552664766
0.37428408944929875
0.28833914086818696
0.3692989369247919
0.312892905840531
0.5438430255456126
0.38055408612656316
0.23562891344721026
real result:
0
FBCCA:
0.37407371078283713
0.32060797446325306
0.5487656802760792
0.2385192829320925
0.32128087079413703
0.4218301773278409
0.4180710159594913
0.253549670913272
0.4270132912889553
real result:
0
FBCCA:
0.36761652362240554
0.3321695921687784
0.38943282512019284
0.22773614605820697
0.40473933802759665
0.4401454481576124
0.3815021515507465
0.23384329597303113
0.4197830163782378
real result:
0
FBCCA:
0.43893069076528324
0.3650959951217686
0.45389823547534774
0.19018998645430493
0.284565579877032
0.4835928140685349
0.32610952423626804
0.369073351920206
0.30674660824207295
real result:
0
FBCCA:
0.3266283849407362
0.4333186932023119
0.37770622093762557
0.21764015948647672
0.30145593319779845
0.44739747850423134
0.47825815321041015
0.4815488308843798
0.2180585659564759
real result:
0
FBCCA:
0.26878306845052113
0.3566448257920794
0.358367477271008
0.26713456720988976
0.3040069524824137
0.3029211252195243
0.35062623781176516
0.32471314596279577
0.3007999370289362
real result:
0
FBCCA:
0.40167692518664133
0.38339787395863356
0.5275456445445575
0.33629278412860464
0.33252894642162484
0.42182248244267717
0.425320030496306
0.3391187891163577
0.4245045229501941
real result:
0
FBCCA:
0.5935374405604196
0.3950423103999669
0.7245470719835442
0.5213764117342246
0.3627034422025086
0.32370055612490484
0.5445955091438789
0.4492827578420403
0.6022386405550744
real result:
11
FBCCA:
0.5501436843086236
0.5604988373619635
0.6827516090244063
0.48591787899844424
0.37656172231454643
0.47539726890216094
0.4588672009914796
0.5720105641852037
0.6555203897235877
real result:
11
FBCCA:
0.5785997824710964
0.4718670570043051
0.7375885713165942
0.4542010063046528
0.37323970643555127
0.5524856623505597
0.37613090051909537
0.6149330007941505
0.9651306281226054
real result:
11
FBCCA:
0.60724700381246
0.432345809095521
0.4389812960682271
0.35994766380984583
0.47938140415047387
0.4921590995743924
0.4010279037024201
0.4301166140043154
1.2201337763773963
real result:
0
FBCCA:
0.4786862586569954
0.42133321842003457
0.6241937710643266
0.2994140853777793
0.45346552021873865
0.5186523282809549
0.4365336701040678
0.473048052521648
1.206970880966484
real result:
17
FBCCA:
0.3917714574713958
0.6454114254463816
0.5140554211682004
0.3459410102896197
0.5517643792960332
0.5905973407176488
0.6590231481338515
0.4999803237278547
1.3464469102696603
real result:
17
FBCCA:
0.36769225857773763
0.7028186208605848
0.40232532228535
0.4869816785969168
0.6790607548039764
0.6125436149645359
0.5611869220112065
0.454783477206105
1.3724144042551485
real result:
17
FBCCA:
0.21700009999520248
0.5062289672575238
0.3797036963376925
0.3596032553690696
0.5303426427931265
0.6124743048677528
0.5925754704103897
0.5355804521607805
1.2293978667372079
real result:
17
FBCCA:
0.2756681925680113
0.5365738462941515
0.48737736232859763
0.4026009128556636
0.517751415583785
0.7606949819484774
0.4932028664045887
0.4085963029789676
1.218133016429377
real result:
17
FBCCA:
0.3641645245717224
0.5222461739494219
0.6179312853510681
0.4879100515781357
0.4047065090184546
0.6186411519645799
0.6295514944714021
0.3935347262249338
1.0905170008848069
real result:
17
FBCCA:
0.49756697008932665
0.4227361333985218
0.8057336266105907
0.4381520357089916
0.3520704003406505
0.3766358134713638
0.6691947737767341
0.302892489851164
1.126880981539579
real result:
17
FBCCA:
0.583122723966423
0.4752541155431011
0.6231030318573527
0.5365743984980906
0.31911987273729225
0.3904117472518465
0.5293433215141395
0.5069828876034328
0.9563958944015982
real result:
17
FBCCA:
0.47661799055059917
0.4793793698107357
0.6612946123846727
0.6872736036833641
0.32435916446236385
0.4974511641315528
0.4067124217882322
0.3464590876353213
0.5866722578437089
real result:
17
FBCCA:
0.4992092734793705
0.6932602481515318
0.5843665132416678
0.9129407564271789
0.42356402457172704
0.4732652877010109
0.566529578596605
0.4805161935997225
0.44337635250243324
real result:
0
FBCCA:
0.5465045575469456
0.8100179791062944
0.46229324648483733
1.3406451637520596
0.28836815928283577
0.329082666081675
0.730968863169729
0.36764778595277076
0.2899614604413254
real result:
12
FBCCA:
0.457316249273461
0.6972017678369871
0.3997114977875345
1.4505581371998175
0.3599869300170352
0.40257787562407776
0.7113560006138031
0.4368250218562605
0.42772487881917803
real result:
12
FBCCA:
0.6721765644493269
0.4675974190147455
0.3627303017522938
1.4212159047708082
0.4174300651243468
0.3852461698079499
0.688191569621289
0.2940927852153197
0.48324450706932365
real result:
12
FBCCA:
0.6062534556460061
0.38875329894567456
0.43420580701843525
1.412076942790409
0.3796354390078683
0.49487078962263514
0.697332575903864
0.3894923762093137
0.43991350799268686
real result:
12
FBCCA:
0.6447118353884059
0.5112874673437527
0.5280604642444438
1.039437815084128
0.44855382967523844
0.7468058338436421
0.5705117788283101
0.3303798059093639
0.5672071086602253
real result:
12
FBCCA:
0.5982194696939077
0.6280367883030529
0.4536591652998127
1.1118060074464011
0.40654665185726735
0.5466466205797482
0.6002419723739882
0.32504762238558715
0.6032660082880693
real result:
12
FBCCA:
0.5102099729710218
0.4638394812280252
0.4280102117402509
1.261077099282873
0.450579399459736
0.6518553510139601
0.43265817248059546
0.3521662228881635
0.6324324836071704
real result:
12
FBCCA:
0.5094979384922291
0.33051968984919367
0.3232381858690035
1.3418938739910926
0.39137209914791715
0.878497631744941
0.39189121816327127
0.4224685884170072
0.4128349196706098
real result:
12
FBCCA:
0.5565121399993096
0.3708637136024305
0.5692578626694317
1.1329850313414707
0.3580461810207279
0.5865066802246356
0.5015621971078196
0.4664799640449435
0.42201425264891107
real result:
12
FBCCA:
0.5621113325145328
0.4571583067659603
0.7258907754460577
0.7589785536464305
0.4250185192231597
0.4637611331686998
0.4103585554157562
0.4951327422203101
0.40238072081953014
real result:
12
FBCCA:
0.4858859503982538
0.481292568268292
1.1008859427969024
0.3389963562724353
0.434797164112813
0.3925148798622876
0.48182851102431645
0.42636061967656813
0.26694420442142014
real result:
12
FBCCA:
0.44276375696971193
0.44845105404079116
1.6443400124569891
0.4217054419034317
0.36728842586231175
0.48346109173395535
0.4399243237948102
0.5579794243579163
0.41309589908376526
real result:
0
FBCCA:
0.3826489620833466
0.6090344513467378
1.778517676709458
0.34254636866219684
0.4356930498710211
0.48203689056851984
0.7443946589458316
0.46603802246382114
0.3419240206358379
real result:
11
FBCCA:
0.4050338335973548
0.4960075929219714
1.7745716162424474
0.47407649589238754
0.3903728069453689
0.5568299614576547
0.7066567003405548
0.44009171762646404
0.32988866942628553
real result:
11
FBCCA:
0.4386020899445162
0.43443780444189384
1.8109788185335673
0.5366652207445509
0.4032729369250637
0.424703597803392
0.46946377310685417
0.5218949935314703
0.29980324282725396
real result:
11
FBCCA:
0.5098128517032875
0.5640454023918288
1.7026678268978097
0.4792763661372348
0.45768523986735254
0.51322618725619
0.5692538410259195
0.5055836114022114
0.32746877758280024
real result:
11
FBCCA:
0.6439191072924187
0.45825628501740406
1.7051510899907896
0.45449825496279317
0.42487447267122846
0.3969864704518966
0.43103024936615425
0.32381667823824045
0.32368921248163485
real result:
11
FBCCA:
0.5703575684858486
0.5493725719245702
1.501742650113385
0.39574702550013924
0.32983910767496377
0.46769007334584767
0.42360599980455044
0.45590539852694395
0.38333002160333085
real result:
11
FBCCA:
0.5340781602981172
0.5271238651077912
1.0973563561190305
0.47540937883363266
0.29986445397163747
0.45940872862167403
0.5813062604842499
0.5714991779102041
0.3985480231212656
real result:
11
FBCCA:
0.5177793839693883
0.6325660188602632
0.9943979333927774
0.4016708498669068
0.4109353341083272
0.49119469011651073
0.33258747267469385
0.6661963261150291
0.4013202288030534
real result:
11
FBCCA:
0.38085079146809303
0.6246102564119405
0.5201455078200912
0.3602214226842887
0.43246947075083886
0.4163465113879397
0.36969445082613606
0.6087307959397362
0.42329866737950944
real result:
11
FBCCA:
0.34413703793059236
0.9323795011940339
0.4485354000938984
0.31630744979601944
0.3218231239955173
0.3638290366929333
0.5878354223801227
0.41266800476277254
0.38337845028880907
real result:
0
FBCCA:
0.4957037597135786
1.7191440245491743
0.3814131760893584
0.3455294305306758
0.402273883265876
0.42873401757380064
0.6004389449560952
0.3883484620851362
0.4180252617867478
real result:
10
FBCCA:
0.4463079807208274
1.7387964235346645
0.5347579727246043
0.4847355962604388
0.435982418801861
0.343652897868961
0.6807884612352876
0.40547938417390633
0.4264696017326775
real result:
10
FBCCA:
0.4678620673883066
1.7944321863215176
0.429475718175663
0.67303791855846
0.48978958703104425
0.3384327089822542
0.5703737635601069
0.4877199125849168
0.4042325692068122
real result:
10
FBCCA:
0.5045637585850761
1.497134416702003
0.440140773429618
0.49087916829573813
0.46174179599207327
0.6328863109124577
0.573463965289577
0.45924810926912063
0.4322960870736461
real result:
10
FBCCA:
0.32166867663107956
1.5654031595044124
0.5740858549759372
0.44163643007626374
0.4801628137291594
0.46466279826079837
0.7525747287545259
0.3973955074018097
0.466218968857831
real result:
10
FBCCA:
0.3635918554553008
1.535808212295447
0.790571274088659
0.41292861449279505
0.5305470145876088
0.2765148067412902
0.7441014029300459
0.34957068774913536
0.3912448102978588
real result:
10
FBCCA:
0.5104607008029283
1.4963889566124897
0.7077016117732229
0.43480684626693716
0.552172227230774
0.31850640505417754
0.7077193865427966
0.33474201932317993
0.4231995105864898
real result:
10
FBCCA:
0.4548384819330455
1.3641559599506412
0.500071027601982
0.45047477037066064
0.36399125140292427
0.3637960850268741
0.811926934681056
0.3562010667459836
0.48887735464872745
real result:
10
FBCCA:
0.5786324898436289
0.844454911098526
0.5046318730951006
0.3725917060306151
0.36434600398022743
0.3762614731093321
0.5375425473076815
0.34395225003199803
0.3671964457817254
real result:
10
FBCCA:
0.6580777228837503
0.7290771365703689
0.492695656548169
0.4404449413718959
0.37264204462894296
0.4170619291855291
0.48366826280004693
0.4342705485869083
0.470464949189223
real result:
10
FBCCA:
1.363801622115426
0.5204397922639771
0.4250985910191571
0.3599359102372347
0.5100332465672031
0.5336347495129121
0.5128246756362685
0.4086734873379397
0.5898372684161696
real result:
10
FBCCA:
1.4627454413364078
0.5345340141683951
0.41572363521099787
0.4757466115749693
0.45854672734657503
0.40005336267821656
0.49417544810865016
0.38419587003490757
0.5083784645024358
real result:
0
FBCCA:
1.6132653692015826
0.47179568407800676
0.630484924673021
0.5130874444465103
0.5645148486929833
0.4699943227160102
0.4922085437190901
0.33901194040086396
0.3761507873935648
real result:
9
FBCCA:
1.7048506595512265
0.48137969180225043
0.5562305184703269
0.5494012759241422
0.5288009886984176
0.6382543050391962
0.569928215266053
0.4332948007313444
0.30205140502270417
real result:
9
FBCCA:
1.7644203635405327
0.5009601239407944
0.5278881599556788
0.49938350190048486
0.46994466688338865
0.660674059949586
0.5020192839570619
0.43437877894366017
0.3997592381443717
real result:
9
FBCCA:
1.802158187477784
0.35994878791514906
0.6112783384129822
0.516501109218534
0.510677228510703
0.4166647197813018
0.6255365568762697
0.5012926807130562
0.4657998655576325
real result:
9
FBCCA:
1.8215852483281492
0.34431418802320446
0.5536926720937987
0.6563057820664183
0.3306709562337438
0.36028498130289466
0.5860355724776604
0.5438602218133979
0.36896180897147646
real result:
9
FBCCA:
1.8597674941256714
0.4493021514279651
0.4243595019683953
0.6967271950365902
0.2563748414811634
0.3886489756101871
0.5235448668720789
0.5210545766122456
0.35783916853722136
real result:
9
FBCCA:
1.8337471434281365
0.612847057281875
0.4082856659842062
0.6770345908330551
0.38094764126086766
0.41811816032679844
0.5968930106832092
0.6227279420684693
0.3693769456955926
real result:
9
