FBCCA:
0.22170653037046914
0.414236208718334
0.3466518401672874
0.23202813916503465
0.25037556017864293
0.5356829571038778
0.3569167137070822
0.33223230952692945
0.3032417428108924
real result:
0
FBCCA:
0.317193231627694
0.4126627566023615
0.2784681386437087
0.2916580846979535
0.2076921933891833
0.403006968242793
0.4795496332688267
0.37882605180375584
0.33478685894596055
real result:
0
FBCCA:
0.35596695360467606
0.2980564435813059
0.309753680461045
0.222685700369074
0.36509918531227126
0.4100494494115623
0.3268826264333302
0.3053498756915653
0.4359235007712894
real result:
0
FBCCA:
0.3487614776596654
0.37023891086191585
0.34587783610991485
0.28933620317347836
0.3022654570238468
0.3557086582358904
0.3306670393290056
0.36651577415976544
0.38542092010766116
real result:
0
FBCCA:
0.3176274858144777
0.39950754668039723
0.40874534103876803
0.23982439854383272
0.328990113315301
0.3419441921530281
0.4723974490560368
0.37147233675334224
0.29450368272526906
real result:
0
FBCCA:
0.36190186885452935
0.2997533018260573
0.3559993484487201
0.3211866849134042
0.2906591614449197
0.29743990292190925
0.4640537901376809
0.34355455285576475
0.4682039842562843
real result:
17
FBCCA:
0.29717270340086194
0.3348724966987133
0.28761598955741724
0.25165859783124844
0.2711826699864155
0.3553075589732777
0.44993000588733234
0.3017417849973063
0.4131513463572488
real result:
0
FBCCA:
0.3429261099318742
0.34053294915766974
0.35002094889691426
0.3056157812348421
0.30680287877981866
0.2734230258762481
0.4170726933309964
0.30629416639592616
0.3543510236311974
real result:
15
FBCCA:
0.3164126350844628
0.2471422611445335
0.42832922992492284
0.33923262077092486
0.39291999952815687
0.3768891704632293
0.5714250147842234
0.34291474334951066
0.37367407050220974
real result:
15
FBCCA:
0.3342196991045732
0.3562286604599065
0.3392061994949179
0.2440331927515232
0.34533529718964584
0.24820994456639908
0.39259991353643586
0.40021797545854976
0.32849638462213804
real result:
15
FBCCA:
0.3174572243068784
0.4294205759253682
0.39752266654038315
0.26209141224035026
0.23276338820574866
0.30389684397895306
0.49632676563977357
0.49074790969664206
0.3464425841161365
real result:
15
FBCCA:
0.32651722271482325
0.42440310911125
0.44704908998847703
0.23871365054059962
0.3006657183961907
0.2912657973803705
0.42493926988408276
0.45758364311931343
0.3407922702953155
real result:
0
FBCCA:
0.31388850771417953
0.3178845602248385
0.33352345651957904
0.2985312127932759
0.27804325736362656
0.3106718889355945
0.4250085619287013
0.4596479183928509
0.28823560882224664
real result:
16
FBCCA:
0.2604667318148988
0.33643380952419794
0.3318970121679986
0.3212424762490138
0.3660468904937646
0.31940913611361305
0.45189893162886025
0.39608190194984444
0.24268861088587798
real result:
0
FBCCA:
0.35857381240220293
0.29477539964396937
0.38006838135397764
0.3373005634887319
0.33757289587700035
0.35623404043379037
0.47528729275223874
0.502485124996251
0.29901349227831836
real result:
16
FBCCA:
0.2807290448821731
0.3104831841603221
0.38003112031000896
0.22118004434697136
0.34167337590859265
0.4314978279613756
0.46865433358615677
0.4377725110424644
0.32950246917160897
real result:
0
FBCCA:
0.3871114589704395
0.4472589882207112
0.44180020768593764
0.2758761336681574
0.27984559382525803
0.45289434646707394
0.39666342324978365
0.4763808038963778
0.3266032907339436
real result:
0
FBCCA:
0.4955731277893487
0.42307855928268984
0.6803008053534336
0.45840847106652344
0.36574799613333836
0.3305439771983202
0.5796370486656006
0.4451977750731265
0.584852131360914
real result:
0
FBCCA:
0.4714088792135546
0.5372404980934978
0.6392708564985339
0.47090999045935333
0.36109016551026213
0.4672784445207013
0.4018631536262306
0.5857746505771153
0.6821061307902843
real result:
0
FBCCA:
0.5785997824710964
0.4718670570043051
0.7375885713165942
0.4542010063046528
0.37323970643555127
0.5524856623505597
0.37613090051909537
0.6149330007941505
0.9651306281226054
real result:
0
FBCCA:
0.60724700381246
0.432345809095521
0.4389812960682271
0.35994766380984583
0.47938140415047387
0.4921590995743924
0.4010279037024201
0.4301166140043154
1.2201337763773963
real result:
17
FBCCA:
0.4786862586569954
0.42133321842003457
0.6241937710643266
0.2994140853777793
0.45346552021873865
0.5186523282809549
0.4365336701040678
0.473048052521648
1.206970880966484
real result:
17
FBCCA:
0.3917714574713958
0.6454114254463816
0.5140554211682004
0.3459410102896197
0.5517643792960332
0.5905973407176488
0.6590231481338515
0.4999803237278547
1.3464469102696603
real result:
17
FBCCA:
0.36769225857773763
0.7028186208605848
0.40232532228535
0.4869816785969168
0.6790607548039764
0.6125436149645359
0.5611869220112065
0.454783477206105
1.3724144042551485
real result:
17
FBCCA:
0.21700009999520248
0.5062289672575238
0.3797036963376925
0.3596032553690696
0.5303426427931265
0.6124743048677528
0.5925754704103897
0.5355804521607805
1.2293978667372079
real result:
17
FBCCA:
0.2756681925680113
0.5365738462941515
0.48737736232859763
0.4026009128556636
0.517751415583785
0.7606949819484774
0.4932028664045887
0.4085963029789676
1.218133016429377
real result:
17
FBCCA:
0.3641645245717224
0.5222461739494219
0.6179312853510681
0.4879100515781357
0.4047065090184546
0.6186411519645799
0.6295514944714021
0.3935347262249338
1.0905170008848069
real result:
17
FBCCA:
0.49756697008932665
0.4227361333985218
0.8057336266105907
0.4381520357089916
0.3520704003406505
0.3766358134713638
0.6691947737767341
0.302892489851164
1.126880981539579
real result:
17
FBCCA:
0.4638176337839565
0.412875246529015
0.4943133573027162
0.42456719168350615
0.34958834553202706
0.48771564627837255
0.4730344193899072
0.37542383318836414
0.8891472234866378
real result:
17
FBCCA:
0.40929683466941186
0.4326979860207857
0.676869193815014
0.46014465876625904
0.37507417351452566
0.5874534848859149
0.5204954795851986
0.431359976309017
0.45176712504059774
real result:
17
FBCCA:
0.5521635486391466
0.6658263392482576
0.6172857710529436
0.7529124456784962
0.40508497119024556
0.5269991791410152
0.5653359389323104
0.47803489101300495
0.5070936951108085
real result:
0
FBCCA:
0.5079933769029571
0.8245375917744215
0.5276089489132476
1.0834040918329324
0.4123602089606776
0.3328658439182021
0.6668159016022874
0.47632360705678767
0.3247741363479007
real result:
0
FBCCA:
0.4267188098821468
0.729741598114273
0.4200451482561464
1.4805252414581773
0.2973963205466556
0.4463300910303729
0.7555472113491946
0.42528219111410315
0.30601385969376865
real result:
12
FBCCA:
0.6056006567812207
0.5330769633095798
0.3203666784710104
1.449785915992663
0.3473744804394024
0.43581406867044004
0.6459482405034059
0.37879531257854476
0.4937030145881249
real result:
12
FBCCA:
0.6872028735851009
0.4422242183297018
0.43104486450955115
1.4298801037533129
0.3750576982852707
0.36327802526569025
0.6591242851994521
0.30110958452860886
0.41437371928130307
real result:
12
FBCCA:
0.6367070831508249
0.43747174538664807
0.4446754267569806
1.2958075997182932
0.5497567041982984
0.6351330248689233
0.5997559643821533
0.45526142106048906
0.38607703247510977
real result:
12
FBCCA:
0.6827292384922875
0.6046975818360779
0.5454057607075395
1.0832870380086757
0.37473567721860274
0.6372175103039047
0.6069511790556738
0.3295577169005386
0.5793202346541539
real result:
12
FBCCA:
0.573774187160738
0.6266026931354929
0.3913967272057364
1.205048650435858
0.4125830013944811
0.5718615493123929
0.5428200882065657
0.2867101529333369
0.6073256229913558
real result:
12
FBCCA:
0.501174997336907
0.422920460849623
0.35875062293811444
1.3276401919086536
0.3748699063898747
0.8544179269539107
0.4187222212586921
0.4109809870198856
0.5762879922542666
real result:
12
FBCCA:
0.6188443925387285
0.4459767697662484
0.3160340501048905
1.461366535115868
0.4795495159345233
0.5703927318418242
0.4789874637167232
0.48982913748646
0.39693744293030486
real result:
12
FBCCA:
0.5421651268149418
0.5749903656998288
0.49969350058094325
1.1299280968322836
0.4520064686196495
0.5172604687843103
0.5453644009872969
0.43173112074021436
0.399329180053315
real result:
12
FBCCA:
0.36060553182348254
0.5264059807884685
0.685158433579347
0.7608488333929808
0.39668748388861513
0.5168720846682243
0.4396434730525646
0.50396340276628
0.32585559626205013
real result:
12
FBCCA:
0.4202794209220562
0.42712661277136116
1.230188183711977
0.4098385907255374
0.3511002468421623
0.46793763122055915
0.4866516325460123
0.33392295463467536
0.2303857370688942
real result:
12
FBCCA:
0.44276375696971193
0.44845105404079116
1.6443400124569891
0.4217054419034317
0.36728842586231175
0.48346109173395535
0.4399243237948102
0.5579794243579163
0.41309589908376526
real result:
0
FBCCA:
0.3826489620833466
0.6090344513467378
1.778517676709458
0.34254636866219684
0.4356930498710211
0.48203689056851984
0.7443946589458316
0.46603802246382114
0.3419240206358379
real result:
11
FBCCA:
0.4050338335973548
0.4960075929219714
1.7745716162424474
0.47407649589238754
0.3903728069453689
0.5568299614576547
0.7066567003405548
0.44009171762646404
0.32988866942628553
real result:
11
FBCCA:
0.4386020899445162
0.43443780444189384
1.8109788185335673
0.5366652207445509
0.4032729369250637
0.424703597803392
0.46946377310685417
0.5218949935314703
0.29980324282725396
real result:
11
FBCCA:
0.5098128517032875
0.5640454023918288
1.7026678268978097
0.4792763661372348
0.45768523986735254
0.51322618725619
0.5692538410259195
0.5055836114022114
0.32746877758280024
real result:
11
FBCCA:
0.6439191072924187
0.45825628501740406
1.7051510899907896
0.45449825496279317
0.42487447267122846
0.3969864704518966
0.43103024936615425
0.32381667823824045
0.32368921248163485
real result:
11
FBCCA:
0.5703575684858486
0.5493725719245702
1.501742650113385
0.39574702550013924
0.32983910767496377
0.46769007334584767
0.42360599980455044
0.45590539852694395
0.38333002160333085
real result:
11
FBCCA:
0.45724354517571475
0.515693970829719
1.4055368197309863
0.39006179926514295
0.302863507541356
0.4572944310381107
0.46781809565223814
0.48889795042007883
0.39935638815154617
real result:
11
FBCCA:
0.4154820819698267
0.5949764221315259
1.4621618971891943
0.4222534539808587
0.3633781298105968
0.4095771791989078
0.45160632149805846
0.5237432667861766
0.4076421094023477
real result:
11
FBCCA:
0.32089111466836734
0.6237132669919646
1.2175626537306818
0.3426293110161268
0.4468221918839485
0.38575017943565115
0.3055225937400551
0.622113195269751
0.36278321699045124
real result:
11
FBCCA:
0.35235709035422297
0.4694409312188169
1.111559153563489
0.4069076582774589
0.366821899442936
0.4424607391785403
0.2545491004613634
0.5125836284663047
0.3570113930665678
real result:
11
FBCCA:
0.30843348584102137
0.7743548308513296
0.5800684719121232
0.2928175596165445
0.3779727461235466
0.5938640090535009
0.37820196842544235
0.7076282651414277
0.35441576284047027
real result:
11
FBCCA:
0.3044375299738611
1.0731540018354162
0.5632113674896094
0.3376043794028767
0.37853296791697294
0.40929715243586495
0.5349651956385911
0.3331824238568688
0.34774914397986517
real result:
0
FBCCA:
0.4957037597135786
1.7191440245491743
0.3814131760893584
0.3455294305306758
0.402273883265876
0.42873401757380064
0.6004389449560952
0.3883484620851362
0.4180252617867478
real result:
10
FBCCA:
0.4463079807208274
1.7387964235346645
0.5347579727246043
0.4847355962604388
0.435982418801861
0.343652897868961
0.6807884612352876
0.40547938417390633
0.4264696017326775
real result:
10
FBCCA:
0.4678620673883066
1.7944321863215176
0.429475718175663
0.67303791855846
0.48978958703104425
0.3384327089822542
0.5703737635601069
0.4877199125849168
0.4042325692068122
real result:
10
FBCCA:
0.5045637585850761
1.497134416702003
0.440140773429618
0.49087916829573813
0.46174179599207327
0.6328863109124577
0.573463965289577
0.45924810926912063
0.4322960870736461
real result:
10
FBCCA:
0.32166867663107956
1.5654031595044124
0.5740858549759372
0.44163643007626374
0.4801628137291594
0.46466279826079837
0.7525747287545259
0.3973955074018097
0.466218968857831
real result:
10
FBCCA:
0.3635918554553008
1.535808212295447
0.790571274088659
0.41292861449279505
0.5305470145876088
0.2765148067412902
0.7441014029300459
0.34957068774913536
0.3912448102978588
real result:
10
FBCCA:
0.5104607008029283
1.4963889566124897
0.7077016117732229
0.43480684626693716
0.552172227230774
0.31850640505417754
0.7077193865427966
0.33474201932317993
0.4231995105864898
real result:
10
FBCCA:
0.5156968527245113
1.8552286040971926
0.5503095812576391
0.42454020663208075
0.44070240130557853
0.338936678632668
0.8553612711929535
0.25973876584444827
0.35993515969951334
real result:
10
FBCCA:
0.5259437253012256
1.7068007588410592
0.4979055956453868
0.329966138798699
0.485296500618478
0.31509393296737004
0.8449477917108964
0.3085513917087815
0.37813587542885035
real result:
10
FBCCA:
0.4093984584372956
1.4516165308868867
0.5247531424863203
0.2870668598157983
0.5646276551436038
0.47953054167549286
0.804383156016977
0.3015442674979623
0.33279113983474473
real result:
10
FBCCA:
0.41226142242582653
1.2970994002877365
0.3951064720936365
0.2657220547617549
0.4899754213995987
0.37925644402041625
0.6631280577639351
0.4158015433498843
0.3477783782032033
real result:
10
FBCCA:
0.5227231304818725
1.249279815111878
0.498212927722699
0.3065615369982273
0.4342724541024634
0.4057143249650776
0.5296350010474333
0.3900881100124213
0.44034680964499456
real result:
10
FBCCA:
0.5826305785665173
1.4977396832796313
0.5135696785137345
0.3121756308146435
0.4321487052377505
0.6059716414509531
0.6781916310644761
0.609179661464465
0.3771594892602829
real result:
10
FBCCA:
0.5309332457630964
1.6676373251139056
0.4447346482069917
0.32024062262810726
0.48835183116701336
0.6336474408273053
0.5918250249982736
0.5644750177427972
0.37783785463177744
real result:
10
FBCCA:
0.46988901958694923
1.6971629914255029
0.5963183115141647
0.374011007750957
0.47305058660453475
0.5523155640504438
0.6066111760188793
0.4867817963771568
0.3288961211712984
real result:
10
FBCCA:
0.362488998251375
1.326045625008696
0.5636126245040537
0.3600366542944392
0.41029288267894065
0.4795987064329206
0.43898212018170835
0.469352446290515
0.29600268546908776
real result:
10
FBCCA:
0.39716275046014127
0.6370209368897366
0.5839355033303874
0.540077007439028
0.34805372274346585
0.4322244481796756
0.4788509479993368
0.3547917140656051
0.3422675057910682
real result:
10
FBCCA:
0.5903491306980618
0.49748338619611104
0.4195631942144346
0.4513474208896936
0.30743835935075164
0.7007437263783026
0.39816489276142975
0.47454031468576835
0.4098424406612404
real result:
10
FBCCA:
1.1867780449811047
0.49495125360129993
0.39562547198288045
0.42370995391494976
0.29692113369652945
0.45472991402808605
0.5886283914871571
0.4563631591738237
0.5099860335183246
real result:
0
FBCCA:
1.3842328556501535
0.5411337614000953
0.4598164977417371
0.3846383825493904
0.5101595777181589
0.4658623621673309
0.5352435227711462
0.2857331059596212
0.5915561682667381
real result:
0
FBCCA:
1.5856248055305846
0.47180028276296365
0.4831700989748744
0.469236262383475
0.5090418892264132
0.3700125748322554
0.5323397865122872
0.27310154033827716
0.4162675131607412
real result:
9
FBCCA:
1.661404413484745
0.45131132414934877
0.599511726319254
0.502188515323892
0.5964118010061796
0.4882231475894437
0.5033679367489509
0.4151353105297399
0.27892261082607345
real result:
9
FBCCA:
1.7392471482872205
0.4478966530815953
0.6719332654149877
0.5565855423985139
0.5375782226714911
0.6569758881959673
0.48635801292161085
0.4709071523830458
0.361640448522288
real result:
9
FBCCA:
1.74271047756958
0.48207531945621884
0.5689272632919364
0.45097568226445855
0.44884218384341457
0.6676072369736628
0.5707979153060397
0.5268124517951764
0.5171955529038361
real result:
9
FBCCA:
1.8546668441510374
0.331164434647903
0.5548992060603579
0.542852678725044
0.4681808044667607
0.3839991236824191
0.5606439342600642
0.4856977422723694
0.45599477313659487
real result:
9
FBCCA:
1.7933096930190144
0.47645029507284603
0.4132792200295201
0.6248951423672872
0.4069895121902609
0.36639473061583383
0.5966019961273304
0.44439548801964374
0.40361817014287144
real result:
9
FBCCA:
1.8708841468503241
0.5718890821802336
0.4581657433570776
0.7533591486983882
0.3034215740890294
0.3605676195765891
0.672113780559041
0.48483646044192
0.39167347949190995
real result:
9
FBCCA:
1.5161021608541843
0.7157451853373048
0.46440876034798734
0.5361280624283624
0.36695246563780637
0.4450866939573666
0.44834122623400047
0.5356697183974608
0.4352911544851002
real result:
9
FBCCA:
1.1194643027471736
0.6370535928780947
0.6301669187250892
0.5086976862735955
0.31171936489381524
0.3767825202045982
0.40818156680827267
0.600342211352167
0.4081348466528422
real result:
9
FBCCA:
0.8756637847500663
0.5841936994008861
0.6432272808068266
0.507065839380003
0.1947853605081801
0.41492440986564755
0.44976662497336056
0.46496748610345895
0.3741744866923899
real result:
9
