FBCCA:
0.22716166858669404
0.4131870230486372
0.4429377873984438
0.26406729727298706
0.2663965561479903
0.36115077103815973
0.3668280314933314
0.2996123496332018
0.4229862246020895
real result:
0
FBCCA:
0.2914228062747359
0.4398828719917497
0.4183576329850176
0.24282502396298866
0.295238270680079
0.5453776442568328
0.4321134012661573
0.289687991159596
0.39716280146533395
real result:
0
FBCCA:
0.3229272372323554
0.33642765777950057
0.45048376578381943
0.36854992712883355
0.23604097004993022
0.5401018330341154
0.38224565816465256
0.3304867107364078
0.32629826364525955
real result:
0
FBCCA:
0.43741734374384117
0.3681794761694922
0.36198581227404725
0.30692695457657126
0.406729092081316
0.45837743583463914
0.46135445253609453
0.3013474739787808
0.31144129938196624
real result:
0
FBCCA:
0.3586468609133868
0.3683117645931405
0.428524863401475
0.3200069696487201
0.3486286335528075
0.4230898351457959
0.48407376312374295
0.34997088788267733
0.3879040594732985
real result:
0
FBCCA:
0.298770843317476
0.3046138434213371
0.3332148934576608
0.2575683693857679
0.23559671919492664
0.6346575332550946
0.4018618926994878
0.2569971680996428
0.3754860876864331
real result:
0
FBCCA:
0.3430135604259309
0.29867564481607667
0.3905417049102616
0.34726153377582936
0.3494538203846328
0.6100350877501173
0.34057428021994596
0.30315839821109913
0.34536150540109517
real result:
0
FBCCA:
0.35129120938432845
0.22028390576833107
0.3932688870086864
0.3721632387197289
0.39308061390790416
0.32967983011903557
0.3159520211842549
0.173822513393415
0.49011853302874897
real result:
0
FBCCA:
0.33321153324409125
0.2532391870060684
0.44232790544684913
0.2872939697513317
0.3475097699225632
0.3304449777937196
0.36530050395355584
0.31796590365750765
0.42655945676579504
real result:
0
FBCCA:
0.3113789402548655
0.3760387705467372
0.41129657476365244
0.31901172214092016
0.31442721870657936
0.28681864745965796
0.5305734082050986
0.28482726295361144
0.3110256155306125
real result:
0
FBCCA:
0.4479157323810862
0.4014841279943322
0.5157417386499139
0.3547464314512664
0.26606257331907524
0.3378522608096424
0.5004510369317856
0.33624194338997565
0.44209548464131715
real result:
0
FBCCA:
0.5235229063023923
0.4295243173670237
0.719061252644507
0.5152592930874355
0.40896151492573035
0.2979506754719152
0.5516013335572878
0.43466367738103806
0.6724991561384475
real result:
11
FBCCA:
0.5274258475454519
0.5606647583342256
0.6319900343472691
0.490474768760583
0.371760318259459
0.43032203502745003
0.4438403969762698
0.551833086497973
0.7025670590137935
real result:
0
FBCCA:
0.5785997824710964
0.4718670570043051
0.7375885713165942
0.4542010063046528
0.37323970643555127
0.5524856623505597
0.37613090051909537
0.6149330007941505
0.9651306281226054
real result:
0
FBCCA:
0.60724700381246
0.432345809095521
0.4389812960682271
0.35994766380984583
0.47938140415047387
0.4921590995743924
0.4010279037024201
0.4301166140043154
1.2201337763773963
real result:
17
FBCCA:
0.4786862586569954
0.42133321842003457
0.6241937710643266
0.2994140853777793
0.45346552021873865
0.5186523282809549
0.4365336701040678
0.473048052521648
1.206970880966484
real result:
17
FBCCA:
0.3917714574713958
0.6454114254463816
0.5140554211682004
0.3459410102896197
0.5517643792960332
0.5905973407176488
0.6590231481338515
0.4999803237278547
1.3464469102696603
real result:
17
FBCCA:
0.36769225857773763
0.7028186208605848
0.40232532228535
0.4869816785969168
0.6790607548039764
0.6125436149645359
0.5611869220112065
0.454783477206105
1.3724144042551485
real result:
17
FBCCA:
0.21700009999520248
0.5062289672575238
0.3797036963376925
0.3596032553690696
0.5303426427931265
0.6124743048677528
0.5925754704103897
0.5355804521607805
1.2293978667372079
real result:
17
FBCCA:
0.2756681925680113
0.5365738462941515
0.48737736232859763
0.4026009128556636
0.517751415583785
0.7606949819484774
0.4932028664045887
0.4085963029789676
1.218133016429377
real result:
17
FBCCA:
0.3641645245717224
0.5222461739494219
0.6179312853510681
0.4879100515781357
0.4047065090184546
0.6186411519645799
0.6295514944714021
0.3935347262249338
1.0905170008848069
real result:
17
FBCCA:
0.49756697008932665
0.4227361333985218
0.8057336266105907
0.4381520357089916
0.3520704003406505
0.3766358134713638
0.6691947737767341
0.302892489851164
1.126880981539579
real result:
17
FBCCA:
0.5118428284065385
0.43910074075286915
0.6494538051583311
0.3879649506711643
0.4249984226621164
0.4130094873090401
0.4362788812508058
0.475264985087384
0.9478161075332994
real result:
17
FBCCA:
0.3993160891224296
0.43052931117550863
0.6680273890663836
0.45079521446912135
0.3911196923841905
0.4650799765881738
0.7195292628155767
0.5996377530473557
0.8389269718734156
real result:
17
FBCCA:
0.3548632157248282
0.45417706249741935
0.6743312833504238
0.41124703809226115
0.3983245822975132
0.40144575496436896
0.6794399103084761
0.6222327991971186
0.781863933675521
real result:
17
FBCCA:
0.3947218899170462
0.5088736539682628
0.6651160647264163
0.41582703503033525
0.3801919707191346
0.5052874510578529
0.6940694563702734
0.567908384908216
0.556242641703022
real result:
17
FBCCA:
0.45273873540602294
0.5405867291251187
0.5661951040490789
0.38224563338520245
0.3719809502044437
0.45014696779214725
0.5005345964878106
0.5195009256319637
0.47469373397991205
real result:
0
FBCCA:
0.36130064524744954
0.40306595904904907
0.38506758710870065
0.277126327131915
0.2842240100445612
0.38562254822002584
0.36562447237715334
0.3192353075300934
0.3943430242903648
real result:
0
FBCCA:
0.2636251486960285
0.3084380490127352
0.35573940860706194
0.21747654497160576
0.3093046847481129
0.4453651551247762
0.5162817848792125
0.4567738826258478
0.33003210819779055
real result:
0
FBCCA:
0.25517457714195935
0.3967761595915441
0.3332920817669627
0.28140329116630336
0.28962519587556707
0.33692723112796724
0.405003668157019
0.5062304504445401
0.32783552033847735
real result:
0
FBCCA:
0.27796090051467964
0.33756687282555686
0.36213215418417555
0.21097963760091212
0.272347774042746
0.31051263936234447
0.5680507229725641
0.5628469921117939
0.3021415916566504
real result:
0
FBCCA:
0.34870381898172403
0.31822387062160445
0.384878407351692
0.3438994638375791
0.35505969382615593
0.4128305366341152
0.565202313088359
0.529340776397917
0.22525250000715039
real result:
15
FBCCA:
0.35530981881594575
0.47113828285146253
0.4881536487238767
0.32897146430219104
0.380680583183846
0.4211694347830505
0.4820969512662521
0.4536985351851338
0.3261129829222551
real result:
0
FBCCA:
0.35092010681695385
0.5671236665231947
0.5815244964810453
0.6600332215091148
0.3738833121098442
0.5270264435804656
0.5459487932752564
0.2943287817456519
0.34534333009974266
real result:
0
FBCCA:
0.4489418813652655
0.7935941742222404
0.5703909798111084
1.0013680421646245
0.3411233395752175
0.39836255491983563
0.7686767046843621
0.3278246562434584
0.3567687857528597
real result:
0
FBCCA:
0.5465045575469456
0.8100179791062944
0.46229324648483733
1.3406451637520596
0.28836815928283577
0.329082666081675
0.730968863169729
0.36764778595277076
0.2899614604413254
real result:
12
FBCCA:
0.457316249273461
0.6972017678369871
0.3997114977875345
1.4505581371998175
0.3599869300170352
0.40257787562407776
0.7113560006138031
0.4368250218562605
0.42772487881917803
real result:
12
FBCCA:
0.6721765644493269
0.4675974190147455
0.3627303017522938
1.4212159047708082
0.4174300651243468
0.3852461698079499
0.688191569621289
0.2940927852153197
0.48324450706932365
real result:
12
FBCCA:
0.6062534556460061
0.38875329894567456
0.43420580701843525
1.412076942790409
0.3796354390078683
0.49487078962263514
0.697332575903864
0.3894923762093137
0.43991350799268686
real result:
12
FBCCA:
0.6447118353884059
0.5112874673437527
0.5280604642444438
1.039437815084128
0.44855382967523844
0.7468058338436421
0.5705117788283101
0.3303798059093639
0.5672071086602253
real result:
12
FBCCA:
0.5982194696939077
0.6280367883030529
0.4536591652998127
1.1118060074464011
0.40654665185726735
0.5466466205797482
0.6002419723739882
0.32504762238558715
0.6032660082880693
real result:
12
FBCCA:
0.5102099729710218
0.4638394812280252
0.4280102117402509
1.261077099282873
0.450579399459736
0.6518553510139601
0.43265817248059546
0.3521662228881635
0.6324324836071704
real result:
12
FBCCA:
0.45687561220771317
0.4387870615478849
0.32695610353945365
1.3731520061985678
0.44351481498803286
0.7598954115061711
0.4026173539621331
0.37969424722002454
0.412972977075021
real result:
12
FBCCA:
0.5094418462280383
0.49727629297343084
0.34488631010204635
1.878288557717982
0.3412535740692587
0.5494327197193627
0.5566971524621533
0.42980358916382333
0.4847127389223395
real result:
12
FBCCA:
0.5804854630691464
0.41991287739839145
0.5704125089411284
1.4408730137710404
0.41329700938119107
0.594760900491171
0.6338206588157796
0.4300859889997
0.5215921662937996
real result:
12
FBCCA:
0.4286448916094639
0.5149253871877628
0.5857967417776919
1.1470023966153096
0.3465212574993879
0.4878779593494469
0.6180883472485592
0.399638237006309
0.48385518017948986
real result:
12
FBCCA:
0.4556719089610746
0.5884895231695033
0.5667044416740087
0.7259226558955376
0.4224821792771555
0.4591285343619578
0.5738324917864814
0.36193542971008436
0.44975606141107677
real result:
12
FBCCA:
0.35489986730737016
0.45364944324446427
0.46622512590041554
0.4023402565819829
0.3933356298980436
0.5502181622835713
0.5075034240407772
0.39244480603324733
0.43320415944615726
real result:
12
FBCCA:
0.35601158617119133
0.4442175112617386
0.46393154164576966
0.4161451635713924
0.32006683544124676
0.42444703285402513
0.4706708002291831
0.425337013396958
0.3389210224074014
real result:
0
FBCCA:
0.47128590267619164
0.3371371308192118
0.5104144278146734
0.46467612269792324
0.30094083835462504
0.37727307595278653
0.4409463253442973
0.38112853642405703
0.1952148121409879
real result:
0
FBCCA:
0.4597504473542696
0.28023120391656076
0.5523866650184119
0.4046850931534166
0.31711906440455223
0.351189221515796
0.40995342945485597
0.33402133370748843
0.3086844497768829
real result:
0
FBCCA:
0.5452029570418826
0.3347512756453242
0.4351233264248869
0.4324899774956345
0.39349347066272067
0.3091293147038621
0.4880895820548112
0.3484373685144539
0.35494530636207827
real result:
0
FBCCA:
0.5513189624840569
0.3260554027788121
0.3746680763580122
0.48090934654182926
0.3266613321436313
0.37004313945821676
0.4936205982840561
0.33247745790465555
0.3810887915363917
real result:
0
FBCCA:
0.5275759002639586
0.36367758000606226
0.3277370385750234
0.3941954232521212
0.45483711978247476
0.43965172179393647
0.40656680505513687
0.2741972317270739
0.3178106728042995
real result:
9
FBCCA:
0.43244381295820544
0.4464351671020501
0.352515814409294
0.37953508211547304
0.366707269271266
0.36350082694486296
0.3969896922939792
0.36172395408782587
0.28363404280714993
real result:
9
FBCCA:
0.2934659718439981
0.35615039655062564
0.2855393884545081
0.2796581013511697
0.2715312631665695
0.35511841130326316
0.5507621350254358
0.4001794196654515
0.34558618282861897
real result:
0
FBCCA:
0.21812513241985962
0.34590168064657456
0.4270082325586977
0.2566539081124752
0.27052337186151626
0.340617239797202
0.457017760714524
0.3363339963824053
0.32520031882383305
real result:
0
FBCCA:
0.43571797955436
0.4718382487514787
0.380908283054533
0.37361973303999824
0.4350612290374425
0.4516441607527767
0.4415570131407119
0.4706995723003693
0.29935043412597995
real result:
0
FBCCA:
0.5326974155777993
0.4532700021706574
0.6725428916706423
0.3958034296759391
0.40038873512108397
0.5283804390377785
0.4165494489595456
0.5277155182310784
0.25117822983631266
real result:
0
FBCCA:
0.4969145601720722
0.35964648165790813
1.0251924924324025
0.2588894093413282
0.3811799546217836
0.5666956134243955
0.39811954257677723
0.41687031527691276
0.1813627843835851
real result:
0
FBCCA:
0.5371842576187783
0.42242803693818815
1.3173099569299018
0.3231256176066453
0.3798894007980564
0.4212791888431333
0.3672559813307729
0.5218405345667164
0.25988485141749024
real result:
11
FBCCA:
0.42008825795761756
0.5142148997813676
1.7878637916953586
0.3128720004353659
0.40471432595003654
0.5610352185475838
0.4988483346494127
0.5402556493322028
0.341061527915259
real result:
11
FBCCA:
0.3541365175666932
0.6313302773822499
1.6358441813615408
0.4339299123194271
0.448639640207239
0.6291622207125055
0.7919604338824002
0.48222135353291684
0.2800381462216332
real result:
11
FBCCA:
0.41569027227737787
0.46988917362449995
1.7621299258221454
0.5450895355039119
0.4000800005841927
0.4366698671027317
0.6357062349803548
0.5243510846811295
0.309174051649146
real result:
11
FBCCA:
0.5535493714130277
0.43844147646807013
1.7014018170438028
0.5020242635048985
0.44479898408678115
0.4405861431897693
0.547753368864065
0.46512315970066825
0.2579935539378698
real result:
11
FBCCA:
0.6151577070081051
0.5897563545801294
1.6778621704230776
0.46675935621255854
0.5092660509630386
0.5154405271296689
0.4699940531618355
0.34888276370392407
0.278511463584618
real result:
11
FBCCA:
0.6432871372745679
0.5909680013069877
1.4905807171581025
0.44914933389618356
0.28640084074722133
0.48463141708629465
0.45304771574849434
0.3600040259636716
0.32019878493692117
real result:
11
FBCCA:
0.5695790190538789
0.48335040565389364
1.4265831649061984
0.402168272814342
0.35671380417407855
0.5120146598530108
0.46536029671104034
0.4049888063388148
0.4367966535325654
real result:
11
FBCCA:
0.41390783703880524
0.5319500538905522
1.4430613158793317
0.49805162779853507
0.4132593030596231
0.37273448940912846
0.406066302580302
0.46636661430808185
0.49986485972317257
real result:
11
FBCCA:
0.39281225675770415
0.531841455343238
1.3464950593714111
0.37282121233161625
0.39935754458404116
0.3559632310631259
0.3921075894057568
0.5822894636608623
0.3613112674763697
real result:
11
FBCCA:
0.3670438235888323
0.5375703723666697
1.1569698825456707
0.36103436077492873
0.4259244694412336
0.32433736576517097
0.2881347479855474
0.49388999679852974
0.33210235996589815
real result:
11
FBCCA:
0.4217575537855722
0.5191825188029023
0.8111955765534902
0.4561870685222601
0.34118820249998527
0.396087627877593
0.3775278296606332
0.4717721840858376
0.28119016128043944
real result:
11
FBCCA:
0.4264806642138297
0.3777209463719281
0.47148115194286877
0.34812337625030654
0.1931997540963264
0.4447742753857406
0.42246631671235035
0.4002839433157588
0.3532919153892538
real result:
11
FBCCA:
0.28040063681912125
0.2816782870305838
0.35814807890154804
0.3016202666810199
0.33970151827041506
0.4218903939265791
0.36320062435383305
0.48251977782920413
0.26092715698427876
real result:
11
FBCCA:
0.24703915146890928
0.2830648781846787
0.36163123703583233
0.238295173779424
0.3164825819367927
0.33914903699023796
0.3640079279597703
0.33235878142526243
0.364794468022265
real result:
0
FBCCA:
0.285756633308563
0.28619031308334936
0.46444712221743517
0.24943080970799464
0.33649283517473916
0.34412485602226645
0.2968868450860282
0.4623661480720564
0.37056186833909405
real result:
0
FBCCA:
0.4683455594730205
0.3665073899589319
0.6687652211099383
0.2667395645608284
0.33515856881253137
0.4994523865978949
0.3831495978482725
0.4213513925101258
0.36115058350420115
real result:
0
FBCCA:
0.3982924022905088
0.39293760547065304
0.6421381164332778
0.3344352211573802
0.25025213343060165
0.4885734835651656
0.48303982287028446
0.4077473703714142
0.2812586131093729
real result:
11
FBCCA:
0.33962694421078166
0.35029455543680454
0.47300336894682604
0.3736796665264666
0.300606320380986
0.32160034641578245
0.3692481323025585
0.4893509639098208
0.34156463663150183
real result:
11
FBCCA:
0.3120364116588798
0.42638087243227274
0.3968005946679348
0.3411758734936097
0.2937131506114727
0.31123954968588863
0.4240648487936698
0.3542825086549276
0.3539787388830276
real result:
0
FBCCA:
0.345790202712618
0.5095355958077192
0.3461409305184979
0.3470728123337838
0.19770055878700404
0.4703793969069898
0.43625617262331856
0.4504844971316577
0.40124932769456473
real result:
0
FBCCA:
0.2759905451292133
0.30205540220214416
0.33374294155627904
0.24217889640168289
0.26360950537895556
0.5060972573878685
0.4232278760946609
0.3287091269441208
0.301032825036113
real result:
0
FBCCA:
0.32503204337089636
0.47727645485063086
0.4947161833523336
0.30565518658210417
0.32955245318292853
0.3632196830786532
0.4254710818428683
0.4399268134471498
0.31277808123580764
real result:
0
FBCCA:
0.4170740586156263
0.47195978950439194
0.520532538819392
0.389276653937644
0.5092878230826923
0.3384180565272845
0.4007181012356976
0.429566723347801
0.37917756745148046
real result:
0
FBCCA:
0.41421138143277075
0.7777206297410892
0.5102537744255689
0.3831542944573564
0.4504306023161409
0.3944373015240444
0.5970274456549352
0.44332970118289206
0.3538472318719038
real result:
0
FBCCA:
0.3627635342431824
1.0569330885839627
0.45931477253940356
0.3086252020403478
0.3603234423843763
0.38651111669114857
0.566677577102825
0.3950011493964582
0.39405851208448645
real result:
0
FBCCA:
0.4957037597135786
1.7191440245491743
0.3814131760893584
0.3455294305306758
0.402273883265876
0.42873401757380064
0.6004389449560952
0.3883484620851362
0.4180252617867478
real result:
10
FBCCA:
0.4463079807208274
1.7387964235346645
0.5347579727246043
0.4847355962604388
0.435982418801861
0.343652897868961
0.6807884612352876
0.40547938417390633
0.4264696017326775
real result:
10
FBCCA:
0.4678620673883066
1.7944321863215176
0.429475718175663
0.67303791855846
0.48978958703104425
0.3384327089822542
0.5703737635601069
0.4877199125849168
0.4042325692068122
real result:
10
FBCCA:
0.5045637585850761
1.497134416702003
0.440140773429618
0.49087916829573813
0.46174179599207327
0.6328863109124577
0.573463965289577
0.45924810926912063
0.4322960870736461
real result:
10
FBCCA:
0.32166867663107956
1.5654031595044124
0.5740858549759372
0.44163643007626374
0.4801628137291594
0.46466279826079837
0.7525747287545259
0.3973955074018097
0.466218968857831
real result:
10
FBCCA:
0.3635918554553008
1.535808212295447
0.790571274088659
0.41292861449279505
0.5305470145876088
0.2765148067412902
0.7441014029300459
0.34957068774913536
0.3912448102978588
real result:
10
FBCCA:
0.5104607008029283
1.4963889566124897
0.7077016117732229
0.43480684626693716
0.552172227230774
0.31850640505417754
0.7077193865427966
0.33474201932317993
0.4231995105864898
real result:
10
FBCCA:
0.5156968527245113
1.8552286040971926
0.5503095812576391
0.42454020663208075
0.44070240130557853
0.338936678632668
0.8553612711929535
0.25973876584444827
0.35993515969951334
real result:
10
FBCCA:
0.5259437253012256
1.7068007588410592
0.4979055956453868
0.329966138798699
0.485296500618478
0.31509393296737004
0.8449477917108964
0.3085513917087815
0.37813587542885035
real result:
10
FBCCA:
0.4276904709606092
1.2363020392131274
0.514487113423356
0.3154672320889211
0.5304773756347505
0.48238981883454135
0.7048708111093847
0.28259501602581755
0.3277656285331528
real result:
10
FBCCA:
0.35878344679939284
0.8271838841660706
0.4640230902283525
0.26621512375092554
0.5176931570333042
0.3724186142618796
0.6457773182942841
0.38118913977887003
0.35857541666018916
real result:
10
FBCCA:
0.3058626646445421
0.48277326108982455
0.4279908944649554
0.34896229166016524
0.3422526416240721
0.4190683000166936
0.5667904959631919
0.31836312728081856
0.4475155156687654
real result:
10
FBCCA:
0.316522953898982
0.38536188968901525
0.3876093034836773
0.298906442418505
0.29031247779997393
0.3847773902041593
0.37614279074928114
0.4256847260249187
0.30242752367870673
real result:
0
FBCCA:
0.380572788001199
0.37312943879269256
0.3584244002082455
0.26504049363861115
0.4401813233764272
0.26621071300326765
0.4386640234714095
0.4032651298546099
0.29933430659608995
real result:
0
FBCCA:
0.3368515160964818
0.45779258311285925
0.3738235426890528
0.3203990224934449
0.30457715879175395
0.24020075446935713
0.5659235689628774
0.2468417100696497
0.2479159212729624
real result:
0
FBCCA:
0.28767294383973074
0.36442606587309834
0.4159731740623251
0.30673505381751104
0.2928647848642106
0.36317049627289905
0.4040548566867057
0.29571388964959777
0.3331129637375564
real result:
0
FBCCA:
0.3033681205467839
0.24113562641618444
0.3579636885675899
0.3211662827135236
0.3849158613616993
0.3013439328502672
0.33804690931550907
0.33951622178109275
0.3176981952910008
real result:
0
FBCCA:
0.2853858330595335
0.26299749217694257
0.33982633690945485
0.32536667595973046
0.31367536798564016
0.4082950810401013
0.4499196816234853
0.2837224659950573
0.3218038861018395
real result:
0
FBCCA:
0.26677525836621646
0.33051661400465226
0.263691735059989
0.243751276506099
0.42312648893783716
0.3713011808204829
0.35215437968059077
0.2302144052337279
0.33842144116227085
real result:
0
FBCCA:
0.31732279641400385
0.3454320726862215
0.25690561868007866
0.2178298413338182
0.35784535797854167
0.4493332246742666
0.4674983343996335
0.28485099474767894
0.41102444989148496
real result:
0
FBCCA:
0.31292575261462585
0.34861874445454283
0.3272930143266506
0.27347100459517676
0.4647612388504906
0.4504856503511271
0.39658639023648734
0.30094647983407696
0.24459454854041301
real result:
0
FBCCA:
0.3178921181095778
0.32338128656430737
0.4047254732327153
0.29229950526199383
0.29349726961724903
0.4421194393060372
0.3817335174302699
0.3500678854511288
0.377570988085205
real result:
0
FBCCA:
0.31535799422303556
0.29821548083230925
0.38882658421741184
0.2740189858552633
0.28335127654133985
0.40774949134830496
0.3970020145809284
0.42919257702024644
0.3484770487861469
real result:
0
FBCCA:
0.5207848948535707
0.5616985396149019
0.5167029277147352
0.38819922578685095
0.37706806989379926
0.49182553972182474
0.4052036493952518
0.3841149379555025
0.3415839896015626
real result:
0
FBCCA:
0.8725735882363302
0.5082051342146731
0.41482720238347837
0.39867282715272634
0.35939005728483714
0.6181792031722179
0.5126928817460765
0.3889503180113063
0.5615246594472436
real result:
0
FBCCA:
1.1782500929885287
0.6238434596059221
0.47896815532782744
0.42554870459333194
0.38908949256137293
0.5288502324432048
0.6514719601383268
0.3241316495449927
0.5770466054441756
real result:
0
FBCCA:
1.3842328556501535
0.5411337614000953
0.4598164977417371
0.3846383825493904
0.5101595777181589
0.4658623621673309
0.5352435227711462
0.2857331059596212
0.5915561682667381
real result:
9
FBCCA:
1.5856248055305846
0.47180028276296365
0.4831700989748744
0.469236262383475
0.5090418892264132
0.3700125748322554
0.5323397865122872
0.27310154033827716
0.4162675131607412
real result:
9
FBCCA:
1.661404413484745
0.45131132414934877
0.599511726319254
0.502188515323892
0.5964118010061796
0.4882231475894437
0.5033679367489509
0.4151353105297399
0.27892261082607345
real result:
9
FBCCA:
1.7392471482872205
0.4478966530815953
0.6719332654149877
0.5565855423985139
0.5375782226714911
0.6569758881959673
0.48635801292161085
0.4709071523830458
0.361640448522288
real result:
9
FBCCA:
1.74271047756958
0.48207531945621884
0.5689272632919364
0.45097568226445855
0.44884218384341457
0.6676072369736628
0.5707979153060397
0.5268124517951764
0.5171955529038361
real result:
9
FBCCA:
1.8546668441510374
0.331164434647903
0.5548992060603579
0.542852678725044
0.4681808044667607
0.3839991236824191
0.5606439342600642
0.4856977422723694
0.45599477313659487
real result:
9
FBCCA:
1.7933096930190144
0.47645029507284603
0.4132792200295201
0.6248951423672872
0.4069895121902609
0.36639473061583383
0.5966019961273304
0.44439548801964374
0.40361817014287144
real result:
9
FBCCA:
1.8708841468503241
0.5718890821802336
0.4581657433570776
0.7533591486983882
0.3034215740890294
0.3605676195765891
0.672113780559041
0.48483646044192
0.39167347949190995
real result:
9
FBCCA:
1.5161021608541843
0.7157451853373048
0.46440876034798734
0.5361280624283624
0.36695246563780637
0.4450866939573666
0.44834122623400047
0.5356697183974608
0.4352911544851002
real result:
9
FBCCA:
1.0451154559832678
0.6488200542583318
0.5355958619642244
0.5567398661754608
0.36076660785279124
0.4153968620371657
0.38613820641428565
0.5506710992438628
0.427721227639176
real result:
9
FBCCA:
0.6483416116224144
0.5215636428857602
0.5639928492148357
0.464156307509593
0.2517288834762092
0.3335891180414631
0.3442689507200085
0.4996491645234891
0.4221701429965934
real result:
9
FBCCA:
0.46875198274751634
0.5600053266537393
0.4829179123300774
0.43679315533079893
0.35034509874922315
0.36160573793323725
0.45909388182927047
0.4259006809014154
0.3532629057788893
real result:
9
FBCCA:
0.3163678273918823
0.4581896430184124
0.39594473151525156
0.2736380707628498
0.38777299189017944
0.34759283888419623
0.37565663482990064
0.3942245411840246
0.3102584354492019
real result:
0
FBCCA:
0.3217217293103766
0.42015329243103344
0.3697721643989961
0.324065562743033
0.20282226431873387
0.2569923854045514
0.346139527042333
0.3046597869603433
0.3684343324973443
real result:
10
FBCCA:
0.3298659489858026
0.297308154327502
0.4158447817249018
0.23453648843019387
0.39559831461238787
0.24350050711518428
0.30388385949721053
0.32411124238702527
0.3510306889399773
real result:
10
FBCCA:
0.329149043050329
0.404078850594334
0.42888421119327336
0.2061022009164047
0.39890137912230467
0.2613362553748833
0.4412805481981743
0.2131325093161693
0.38433585535529785
real result:
0
FBCCA:
0.33912554722473237
0.33690285559634064
0.4975852531675323
0.2141844667040727
0.40244744814881334
0.31468425214843515
0.3870518524340119
0.23941829299276704
0.44573694020581905
real result:
0
FBCCA:
0.2566044159820181
0.3064224357854169
0.3075245617247513
0.2616647108194117
0.2714295081319769
0.4022912659394357
0.41424966438767535
0.2791334454397508
0.4681033044944922
real result:
0
FBCCA:
0.2534765402057493
0.4309518332922372
0.3664749917646903
0.22362973104799352
0.21321604240772118
0.4588418883263796
0.49588830462465744
0.2466449929810402
0.40890179058414394
real result:
0
FBCCA:
0.2652510179093799
0.45218253995037616
0.30008499969085634
0.22519033283664436
0.2434970614521358
0.38505874701145754
0.4542957307568663
0.36082859213765667
0.33951335545366607
real result:
0
FBCCA:
0.2029197154189073
0.4246631502727218
0.3576737391460008
0.2281931913822412
0.19841842580546906
0.31848907610755595
0.45966201603971285
0.4146350657811878
0.3282467011747267
real result:
15
FBCCA:
0.2411600561854098
0.3018955634194101
0.47415289150302076
0.3105549886885943
0.2500457671525597
0.2536699336550703
0.37214796032207786
0.4042765254156956
0.20365794826048242
real result:
15
FBCCA:
0.2257493778196789
0.2963845416899519
0.5996266018863494
0.24040336485121627
0.28090133135781425
0.30203001409723973
0.46225337299549535
0.45800793394829964
0.25166646819189126
real result:
0
