FBCCA:
0.38436957609072137
0.2841237301613912
0.5570992177116604
0.3413497114860425
0.28773227792228484
0.26230132462367567
0.3386403172554428
0.35557046142389265
0.2408051285272636
real result:
0
FBCCA:
0.3621521560629515
0.49250586913764627
0.4158933409703841
0.4605020082759719
0.25838755670491
0.3997645366862374
0.46135212534580833
0.42909739463399466
0.44154129344305526
real result:
0
FBCCA:
0.30304354731352806
0.4983236309264563
0.31514463718349917
0.43887160196026975
0.2383773647204728
0.3823619404628876
0.34292067699443485
0.33579036869492207
0.3716340697674021
real result:
0
FBCCA:
0.3200337543996521
0.4349024453406417
0.3387292533031653
0.3038997454248362
0.26947480059982754
0.306179128977082
0.421251717804197
0.4383388102726198
0.36036538538816665
real result:
0
FBCCA:
0.2575036035289952
0.37941965641948544
0.443769213740009
0.2939020177462078
0.28822587360959184
0.3192945241099571
0.2930295716313573
0.32988324273626246
0.4024004552832948
real result:
0
FBCCA:
0.33147859607557595
0.36774768205672886
0.4100211469864352
0.2583958857198395
0.31462472010215403
0.3431370885156391
0.33348680526001045
0.32512500095519
0.4923975349611447
real result:
0
FBCCA:
0.36866974302194017
0.26102549508866063
0.4719969999436422
0.31634348404175716
0.3275644865101215
0.40131198541682506
0.408335341288499
0.3595233703879244
0.4562762799266563
real result:
0
FBCCA:
0.45099562551171696
0.3644732328345882
0.45647275021680217
0.4376428452226597
0.22204233188491712
0.42982509447200823
0.28562573730145974
0.39447498840628753
0.3780327800951226
real result:
11
FBCCA:
0.2797590073257139
0.4014437230928895
0.3830429735128678
0.338370345183891
0.21544548404103045
0.3833779973945323
0.4406580124417437
0.3529225868247994
0.30919417426131174
real result:
0
FBCCA:
0.3126772132593043
0.3657898328501183
0.4363796278584023
0.29201267203498577
0.2546370603400276
0.39237012687758877
0.4276081490224598
0.3420504217732407
0.3312975003377687
real result:
11
FBCCA:
0.4238077303160343
0.38579314813387267
0.5461212974161772
0.36489606648559936
0.34024575348593405
0.35561020930757464
0.5254553683161811
0.46241774685554493
0.4925077977558068
real result:
11
FBCCA:
0.5282481687116549
0.4786084963510962
0.6885257949100664
0.4711907418565353
0.32723572769325243
0.3652656466091489
0.47393797331771265
0.43234463616572427
0.6154593433413094
real result:
11
FBCCA:
0.56227574669829
0.5217635198013455
0.6467569083418642
0.5592544206707551
0.3794110366966573
0.4500768643451782
0.46309183100258444
0.5586463349559292
0.801994646226288
real result:
11
FBCCA:
0.5406411437232218
0.4655847324871371
0.6372182031230527
0.4387263077024125
0.47550156929169396
0.46767156250838765
0.39269553741866176
0.4735313235585769
1.177825218125457
real result:
0
FBCCA:
0.5074610017107019
0.5599691538780139
0.5068291821899407
0.29880300929409875
0.45924059194791583
0.4663159155385733
0.3997192911287609
0.46745893225497454
1.2727094378305095
real result:
17
FBCCA:
0.44127113659672407
0.4434846239267408
0.5780086350233884
0.3150866545420835
0.487873958655629
0.5566078982229069
0.5732135095567812
0.6317543507349216
1.296078772447859
real result:
17
FBCCA:
0.3493492095851117
0.6351965311278127
0.3694046655193576
0.4544787548764334
0.484933057838292
0.545885210017226
0.6811277892049039
0.48463622701893866
1.3853461013078765
real result:
17
FBCCA:
0.31948860770694915
0.6680614166985385
0.41332080583866443
0.3861981315666165
0.5849684222299777
0.619221754635883
0.5998243352980464
0.4038909461798702
1.3599412966156013
real result:
17
FBCCA:
0.3005374747267989
0.5502023224853242
0.44167366259927326
0.3683715976624053
0.4965749799361273
0.6885578724206264
0.47291881477723563
0.4583970517717355
1.1927556844277
real result:
17
FBCCA:
0.3942807381264861
0.490431935557671
0.47974548495075015
0.40808770229142244
0.4145879584552516
0.712873225747701
0.5803495589851347
0.37549363653191287
1.2211728593822029
real result:
17
FBCCA:
0.4244539527458349
0.5366826114320981
0.6885717610544109
0.5023256171791995
0.41017589491104856
0.6014451550392503
0.7114118963952005
0.378043017609464
1.1797162595888064
real result:
17
FBCCA:
0.45362263381567747
0.42820737233967765
0.7356726418473409
0.4089636487589633
0.4250704127285617
0.41166178164596695
0.6436465150558216
0.32221704149469316
1.0105331721586333
real result:
17
FBCCA:
0.37369472593933384
0.4392107693075732
0.6053649454665426
0.4181028825830754
0.4559815791854717
0.49215857116009093
0.5205642630644416
0.41186107222780804
0.7204810039827453
real result:
17
FBCCA:
0.5343236491414145
0.5866248885433919
0.7354754826199569
0.567752923127583
0.45260359591043375
0.6487655468916551
0.5848850099060421
0.40064381178691727
0.44708110227432624
real result:
17
FBCCA:
0.4793307612801429
0.7191213541223548
0.6123808312169972
0.9694849506582289
0.4472098626787018
0.35597084078624486
0.6271811355350068
0.543973204166426
0.38613152850952703
real result:
0
FBCCA:
0.5465045575469456
0.8100179791062944
0.46229324648483733
1.3406451637520596
0.28836815928283577
0.329082666081675
0.730968863169729
0.36764778595277076
0.2899614604413254
real result:
0
FBCCA:
0.457316249273461
0.6972017678369871
0.3997114977875345
1.4505581371998175
0.3599869300170352
0.40257787562407776
0.7113560006138031
0.4368250218562605
0.42772487881917803
real result:
12
FBCCA:
0.6721765644493269
0.4675974190147455
0.3627303017522938
1.4212159047708082
0.4174300651243468
0.3852461698079499
0.688191569621289
0.2940927852153197
0.48324450706932365
real result:
12
FBCCA:
0.6062534556460061
0.38875329894567456
0.43420580701843525
1.412076942790409
0.3796354390078683
0.49487078962263514
0.697332575903864
0.3894923762093137
0.43991350799268686
real result:
12
FBCCA:
0.6447118353884059
0.5112874673437527
0.5280604642444438
1.039437815084128
0.44855382967523844
0.7468058338436421
0.5705117788283101
0.3303798059093639
0.5672071086602253
real result:
12
FBCCA:
0.5982194696939077
0.6280367883030529
0.4536591652998127
1.1118060074464011
0.40654665185726735
0.5466466205797482
0.6002419723739882
0.32504762238558715
0.6032660082880693
real result:
12
FBCCA:
0.5102099729710218
0.4638394812280252
0.4280102117402509
1.261077099282873
0.450579399459736
0.6518553510139601
0.43265817248059546
0.3521662228881635
0.6324324836071704
real result:
12
FBCCA:
0.45687561220771317
0.4387870615478849
0.32695610353945365
1.3731520061985678
0.44351481498803286
0.7598954115061711
0.4026173539621331
0.37969424722002454
0.412972977075021
real result:
12
FBCCA:
0.4842124639975779
0.4401613853391021
0.39393634904157643
1.6590239435172756
0.4096813157771746
0.5300232783008847
0.5868963130200625
0.4042902888625815
0.435442761895404
real result:
12
FBCCA:
0.556996452460783
0.4556098439890936
0.5032520217873696
1.1783401378480438
0.46371574776603436
0.4364127298104488
0.4918363980693776
0.37881873270316524
0.31713729259755213
real result:
12
FBCCA:
0.4389809675405761
0.3544741101259995
0.7768074598884844
0.7234270453789751
0.3324414092567208
0.5257070306572725
0.4289442940406343
0.48469127900432896
0.2693311726422086
real result:
12
FBCCA:
0.4753646269350704
0.4420739581245663
1.2149852681344184
0.34206938462002423
0.38163286687790804
0.555693826403111
0.34456550054743973
0.4515595740105938
0.24756050347325304
real result:
0
FBCCA:
0.44276375696971193
0.44845105404079116
1.6443400124569891
0.4217054419034317
0.36728842586231175
0.48346109173395535
0.4399243237948102
0.5579794243579163
0.41309589908376526
real result:
11
FBCCA:
0.3826489620833466
0.6090344513467378
1.778517676709458
0.34254636866219684
0.4356930498710211
0.48203689056851984
0.7443946589458316
0.46603802246382114
0.3419240206358379
real result:
11
FBCCA:
0.4050338335973548
0.4960075929219714
1.7745716162424474
0.47407649589238754
0.3903728069453689
0.5568299614576547
0.7066567003405548
0.44009171762646404
0.32988866942628553
real result:
11
FBCCA:
0.4386020899445162
0.43443780444189384
1.8109788185335673
0.5366652207445509
0.4032729369250637
0.424703597803392
0.46946377310685417
0.5218949935314703
0.29980324282725396
real result:
11
FBCCA:
0.5098128517032875
0.5640454023918288
1.7026678268978097
0.4792763661372348
0.45768523986735254
0.51322618725619
0.5692538410259195
0.5055836114022114
0.32746877758280024
real result:
11
FBCCA:
0.6439191072924187
0.45825628501740406
1.7051510899907896
0.45449825496279317
0.42487447267122846
0.3969864704518966
0.43103024936615425
0.32381667823824045
0.32368921248163485
real result:
11
FBCCA:
0.5703575684858486
0.5493725719245702
1.501742650113385
0.39574702550013924
0.32983910767496377
0.46769007334584767
0.42360599980455044
0.45590539852694395
0.38333002160333085
real result:
11
FBCCA:
0.4920657133834984
0.5532190415016062
0.8055990554241657
0.4929884593624074
0.2917778423851436
0.3891944748665854
0.630641145772109
0.5392833548290822
0.350206259219318
real result:
11
FBCCA:
0.3998876126834114
0.6249328436542032
0.49111599045302107
0.43393428667132117
0.35754260829328405
0.46170698535497373
0.484670525396055
0.5620701494073495
0.3070598250774823
real result:
11
FBCCA:
0.3211862851523981
0.8250133269258821
0.38389195561555084
0.4032590626175436
0.36765149263407026
0.4233045017964279
0.5021650483127945
0.5106107021885686
0.3420779861239454
real result:
0
FBCCA:
0.3583155624636593
1.2307594405899058
0.33562184763243846
0.3325212792541302
0.34158754007607095
0.3992394189165197
0.581277392074884
0.418982694396408
0.44898572012118637
real result:
10
FBCCA:
0.4182267232441642
1.7088515045093498
0.4593262273368886
0.43949864750765844
0.36933158660714055
0.3881663742033248
0.5768566268466861
0.31679370803073803
0.39989854259079555
real result:
10
FBCCA:
0.4861169376455955
1.75538079360737
0.5015609363491699
0.5419064315592124
0.4687070238223724
0.38002087675504054
0.5987958461255776
0.4907810743246291
0.39299937797376194
real result:
10
FBCCA:
0.5176479316232853
1.8187274417356583
0.4274275565087053
0.664842288615168
0.443200975194785
0.40259208071862446
0.6233407735974736
0.42015132493316343
0.4529273259087644
real result:
10
FBCCA:
0.5181285714100526
1.5192000859374932
0.6165325875542373
0.4721840752428205
0.5056239367843891
0.5221671484315166
0.692780040046214
0.4664167779876642
0.37645649359314265
real result:
10
FBCCA:
0.3636479196901821
1.4854337117688448
0.6452516516228488
0.3848164882925625
0.5638497932772298
0.33215182038867985
0.7163169544702207
0.39573269003127703
0.4623978618547451
real result:
10
FBCCA:
0.44607606854055076
1.1876901239040099
0.6134418018148753
0.3966256046610148
0.6469222390652848
0.2667000482824983
0.584275165478049
0.37134987610236114
0.3866984513510275
real result:
10
FBCCA:
0.4551982786721617
0.8278396338184105
0.5574932980073559
0.3776473129816053
0.490275739769391
0.4980091343733758
0.5853020606120567
0.481079158826559
0.39489467480543355
real result:
10
FBCCA:
0.7418695669878537
0.6130409256812045
0.5697030258119472
0.37830115842351825
0.4169671459650688
0.6902265294045556
0.5426216309365124
0.4678428502824621
0.3798472963603781
real result:
10
FBCCA:
1.0430127186010618
0.5826720211578407
0.4469254990586196
0.4328947659151374
0.408900761735325
0.5284470036703343
0.5475635484761727
0.40304267561649076
0.478214784316027
real result:
0
FBCCA:
1.3842328556501535
0.5411337614000953
0.4598164977417371
0.3846383825493904
0.5101595777181589
0.4658623621673309
0.5352435227711462
0.2857331059596212
0.5915561682667381
real result:
9
FBCCA:
1.5856248055305846
0.47180028276296365
0.4831700989748744
0.469236262383475
0.5090418892264132
0.3700125748322554
0.5323397865122872
0.27310154033827716
0.4162675131607412
real result:
9
FBCCA:
1.661404413484745
0.45131132414934877
0.599511726319254
0.502188515323892
0.5964118010061796
0.4882231475894437
0.5033679367489509
0.4151353105297399
0.27892261082607345
real result:
9
FBCCA:
1.7392471482872205
0.4478966530815953
0.6719332654149877
0.5565855423985139
0.5375782226714911
0.6569758881959673
0.48635801292161085
0.4709071523830458
0.361640448522288
real result:
9
FBCCA:
1.74271047756958
0.48207531945621884
0.5689272632919364
0.45097568226445855
0.44884218384341457
0.6676072369736628
0.5707979153060397
0.5268124517951764
0.5171955529038361
real result:
9
FBCCA:
1.8546668441510374
0.331164434647903
0.5548992060603579
0.542852678725044
0.4681808044667607
0.3839991236824191
0.5606439342600642
0.4856977422723694
0.45599477313659487
real result:
9
FBCCA:
1.7933096930190144
0.47645029507284603
0.4132792200295201
0.6248951423672872
0.4069895121902609
0.36639473061583383
0.5966019961273304
0.44439548801964374
0.40361817014287144
real result:
9
FBCCA:
1.8708841468503241
0.5718890821802336
0.4581657433570776
0.7533591486983882
0.3034215740890294
0.3605676195765891
0.672113780559041
0.48483646044192
0.39167347949190995
real result:
9
